14 0.655 0.536 0.23 0.17066666666666666
14 0.621 0.5573333333333333 0.066 0.112
14 0.46 0.5466666666666666 0.1 0.16
14 0.318 0.6533333333333333 0.152 0.448
14 0.9550000000000001 0.6759999999999999 0.08600000000000001 0.22666666666666666
14 0.936 0.5519999999999999 0.124 0.18666666666666665
8 0.801 0.86 0.202 0.27466666666666667
8 0.616 0.816 0.176 0.304
8 0.47300000000000003 0.844 0.194 0.30666666666666664
10 0.549 0.7373333333333333 0.506 0.2853333333333333
14 0.8250000000000001 0.7266666666666667 0.222 0.45599999999999996
