15 0.928 0.708 0.14 0.296
15 0.06 0.38666666666666666 0.12 0.224
15 0.156 0.41866666666666663 0.108 0.13333333333333333
15 0.252 0.3506666666666667 0.12 0.09333333333333332
15 0.41200000000000003 0.39199999999999996 0.112 0.14933333333333332
15 0.523 0.3773333333333333 0.14200000000000002 0.16799999999999998
15 0.654 0.4053333333333333 0.07200000000000001 0.096
15 0.797 0.38266666666666665 0.094 0.11466666666666667
15 0.887 0.36666666666666664 0.09 0.13599999999999998
15 0.8220000000000001 0.7933333333333333 0.10400000000000001 0.17866666666666667
15 0.753 0.7 0.158 0.42933333333333334
15 0.6880000000000001 0.8573333333333333 0.068 0.152
15 0.606 0.7653333333333333 0.124 0.21866666666666665
15 0.523 0.9199999999999999 0.09 0.15466666666666667
15 0.34800000000000003 0.6533333333333333 0.584 0.5386666666666666
15 0.14400000000000002 0.9253333333333333 0.12 0.144
