16 0.854 0.48666666666666664 0.068 0.06133333333333333
16 0.4 0.532 0.07200000000000001 0.07733333333333334
16 0.464 0.5973333333333333 0.108 0.128
16 0.7000000000000001 0.6106666666666667 0.12 0.14933333333333332
16 0.763 0.628 0.058 0.104
16 0.3 0.5546666666666666 0.052000000000000005 0.064
16 0.8310000000000001 0.616 0.05 0.08
16 0.13 0.6213333333333333 0.096 0.112
16 0.588 0.616 0.052000000000000005 0.08533333333333333
16 0.515 0.6759999999999999 0.074 0.06133333333333333
16 0.279 0.6813333333333333 0.066 0.09333333333333332
16 0.367 0.644 0.094 0.14666666666666667
16 0.872 0.596 0.06 0.13599999999999998
