14 0.837 0.47597597597597596 0.058 0.2012012012012012
14 0.708 0.6426426426426426 0.052000000000000005 0.3843843843843844
14 0.665 0.6996996996996997 0.066 0.3843843843843844
14 0.524 0.7087087087087087 0.092 0.39039039039039036
14 0.596 0.6801801801801802 0.08 0.4294294294294294
6 0.196 0.5465465465465466 0.10400000000000001 0.1021021021021021
6 0.253 0.53003003003003 0.062 0.07507507507507508
6 0.338 0.5105105105105106 0.04 0.04804804804804805
6 0.263 0.5165165165165165 0.062 0.08408408408408408
14 0.465 0.6576576576576576 0.058 0.39039039039039036
