14 0.771 0.6586666666666666 0.306 0.6773333333333333
14 0.839 0.3933333333333333 0.11 0.2693333333333333
14 0.665 0.384 0.154 0.25066666666666665
14 0.165 0.5906666666666667 0.254 0.6373333333333333
14 0.26 0.45866666666666667 0.152 0.30933333333333335
14 0.356 0.42933333333333334 0.17200000000000001 0.29333333333333333
8 0.333 0.8733333333333333 0.322 0.248
8 0.8220000000000001 0.7879999999999999 0.292 0.41866666666666663
4 0.583 0.5746666666666667 0.038 0.18933333333333333
4 0.418 0.48933333333333334 0.032 0.11466666666666667
10 0.41300000000000003 0.7306666666666667 0.558 0.5333333333333333
