12 0.3813333333333333 0.523 0.144 0.242
12 0.052 0.41000000000000003 0.104 0.20400000000000001
12 0.3453333333333333 0.882 0.152 0.232
12 0.5653333333333334 0.328 0.14933333333333332 0.23600000000000002
12 0.7666666666666666 0.41400000000000003 0.17866666666666667 0.244
14 0.36 0.8140000000000001 0.144 0.20400000000000001
14 0.3813333333333333 0.421 0.11733333333333333 0.154
14 0.576 0.228 0.10133333333333333 0.1
14 0.7666666666666666 0.313 0.09333333333333332 0.134
14 0.056 0.31 0.10666666666666666 0.132
