5 0.809 0.224 0.378 0.2613333333333333
6 0.62 0.42533333333333334 0.34400000000000003 0.18933333333333333
6 0.042 0.26266666666666666 0.084 0.088
6 0.299 0.264 0.15 0.112
6 0.273 0.19599999999999998 0.11800000000000001 0.07733333333333334
6 0.315 0.07733333333333334 0.066 0.042666666666666665
6 0.395 0.092 0.078 0.050666666666666665
6 0.518 0.10266666666666667 0.064 0.04533333333333333
6 0.597 0.16666666666666666 0.066 0.09866666666666667
6 0.342 0.04133333333333333 0.06 0.034666666666666665
6 0.377 0.06666666666666667 0.07 0.042666666666666665
