2 0.435 0.7853333333333333 0.186 0.17866666666666667
2 0.17200000000000001 0.7413333333333333 0.264 0.144
2 0.36 0.648 0.16 0.096
2 0.183 0.6586666666666666 0.202 0.08533333333333333
2 0.612 0.5666666666666667 0.152 0.08266666666666667
2 0.893 0.5066666666666666 0.09 0.112
2 0.769 0.5866666666666667 0.162 0.09066666666666666
2 0.757 0.6453333333333333 0.11800000000000001 0.112
2 0.68 0.5093333333333333 0.08 0.11733333333333333
2 0.482 0.5559999999999999 0.08 0.14133333333333334
2 0.747 0.5093333333333333 0.066 0.08
