15 0.4066666666666667 0.589 0.13066666666666665 0.194
15 0.52 0.606 0.09066666666666666 0.1
15 0.604 0.647 0.088 0.082
15 0.6973333333333334 0.629 0.09866666666666667 0.078
15 0.8986666666666666 0.481 0.06933333333333333 0.05
15 0.844 0.428 0.08266666666666667 0.1
15 0.7866666666666666 0.615 0.08533333333333333 0.094
15 0.8693333333333333 0.645 0.08 0.078
15 0.9426666666666667 0.636 0.09333333333333332 0.088
15 0.10133333333333333 0.44 0.07466666666666666 0.084
14 0.24933333333333332 0.7020000000000001 0.19999999999999998 0.436
15 0.7893333333333333 0.533 0.11733333333333333 0.07
15 0.042666666666666665 0.746 0.08533333333333333 0.232
