4 0.2853333333333333 0.9530000000000001 0.11733333333333333 0.09
4 0.42933333333333334 0.961 0.08533333333333333 0.074
4 0.58 0.963 0.088 0.07
4 0.7493333333333333 0.8180000000000001 0.14933333333333332 0.332
4 0.2906666666666667 0.53 0.17066666666666666 0.364
4 0.44 0.529 0.144 0.374
4 0.592 0.536 0.144 0.38
4 0.7573333333333333 0.533 0.144 0.374
4 0.296 0.801 0.15466666666666667 0.322
4 0.4453333333333333 0.807 0.144 0.322
4 0.2906666666666667 0.23600000000000002 0.16 0.40800000000000003
4 0.4453333333333333 0.23600000000000002 0.144 0.42
4 0.5986666666666667 0.232 0.14666666666666667 0.42
4 0.7613333333333333 0.228 0.14666666666666667 0.424
