6 0.65 0.7997237569060773 0.6960000000000001 0.39502762430939226
6 0.47800000000000004 0.6022099447513812 0.20800000000000002 0.11602209944751381
6 0.353 0.5911602209944751 0.07 0.07734806629834254
5 0.222 0.5469613259668508 0.10400000000000001 0.09944751381215469
6 0.609 0.5676795580110497 0.05 0.03591160220994475
6 0.5640000000000001 0.5662983425414364 0.048 0.03314917127071823
6 0.651 0.5704419889502762 0.038 0.03591160220994475
6 0.28400000000000003 0.5649171270718232 0.024 0.03591160220994475
6 0.155 0.5607734806629834 0.038 0.06077348066298342
6 0.485 0.5400552486187845 0.11 0.052486187845303865
