4 0.221 0.26557377049180325 0.062 0.4721311475409836
4 0.378 0.25081967213114753 0.068 0.4360655737704918
4 0.523 0.2360655737704918 0.07 0.39344262295081966
4 0.756 0.21967213114754097 0.044 0.3344262295081967
4 0.134 0.4639344262295082 0.164 0.8885245901639345
4 0.294 0.4524590163934426 0.16 0.8590163934426229
4 0.449 0.44754098360655736 0.154 0.8360655737704918
4 0.592 0.43278688524590164 0.14 0.7934426229508197
4 0.705 0.419672131147541 0.122 0.7540983606557377
4 0.8180000000000001 0.4098360655737705 0.128 0.7278688524590164
4 0.926 0.4016393442622951 0.116 0.6918032786885245
