14 0.512 0.47597597597597596 0.112 0.4774774774774775
15 0.331 0.36936936936936937 0.034 0.07807807807807808
15 0.28400000000000003 0.37237237237237236 0.032 0.06606606606606606
15 0.365 0.6411411411411412 0.158 0.22522522522522523
8 0.842 0.8228228228228228 0.18 0.3363363363363363
15 0.735 0.6456456456456456 0.19 0.43843843843843844
15 0.163 0.5540540540540541 0.222 0.3993993993993994
15 0.128 0.6606606606606606 0.2 0.3063063063063063
15 0.167 0.7852852852852853 0.162 0.2732732732732733
15 0.115 0.7837837837837838 0.23 0.3663663663663664
