4 0.933 0.11333333333333333 0.08600000000000001 0.22666666666666666
4 0.858 0.10666666666666666 0.068 0.21333333333333332
4 0.792 0.104 0.076 0.208
4 0.723 0.108 0.066 0.216
4 0.658 0.10266666666666667 0.07200000000000001 0.20533333333333334
4 0.609 0.10266666666666667 0.062 0.20533333333333334
4 0.56 0.09999999999999999 0.04 0.19999999999999998
4 0.321 0.08533333333333333 0.022 0.10133333333333333
14 0.194 0.07066666666666667 0.08 0.14133333333333334
14 0.354 0.06533333333333333 0.048 0.13066666666666665
