10 0.436 0.8506666666666667 0.636 0.29333333333333333
8 0.842 0.8066666666666666 0.176 0.3813333333333333
14 0.535 0.37066666666666664 0.314 0.4053333333333333
14 0.599 0.5706666666666667 0.262 0.3253333333333333
14 0.368 0.5666666666666667 0.22 0.2693333333333333
14 0.16 0.6346666666666666 0.20400000000000001 0.35733333333333334
4 0.41200000000000003 0.704 0.032 0.10133333333333333
14 0.792 0.7093333333333333 0.192 0.576
14 0.637 0.41333333333333333 0.082 0.208
14 0.305 0.41466666666666663 0.078 0.27999999999999997
4 0.374 0.6626666666666666 0.032 0.07733333333333334
