11 0.6853333333333333 0.587 0.192 0.342
14 0.6106666666666667 0.315 0.29333333333333333 0.518
15 0.148 0.871 0.296 0.254
15 0.848 0.584 0.13866666666666666 0.10400000000000001
15 0.9573333333333333 0.554 0.08 0.116
15 0.27199999999999996 0.617 0.16533333333333333 0.098
15 0.308 0.541 0.12533333333333332 0.10200000000000001
15 0.35466666666666663 0.443 0.12266666666666666 0.146
15 0.408 0.34500000000000003 0.10133333333333333 0.062
15 0.416 0.276 0.11733333333333333 0.092
15 0.428 0.20400000000000001 0.09333333333333332 0.084
15 0.7613333333333333 0.37 0.104 0.096
15 0.07866666666666666 0.919 0.15733333333333333 0.158
15 0.7786666666666666 0.302 0.058666666666666666 0.07200000000000001
15 0.48666666666666664 0.091 0.16799999999999998 0.182
15 0.328 0.125 0.09066666666666666 0.106
15 0.8573333333333333 0.498 0.184 0.3
11 0.3733333333333333 0.588 0.42133333333333334 0.512
