15 0.901 0.3293333333333333 0.182 0.2906666666666667
14 0.664 0.3973333333333333 0.1 0.432
14 0.41400000000000003 0.46399999999999997 0.116 0.21333333333333332
14 0.313 0.344 0.082 0.416
14 0.369 0.37866666666666665 0.066 0.27199999999999996
14 0.376 0.2786666666666667 0.07200000000000001 0.2533333333333333
14 0.537 0.30266666666666664 0.058 0.216
14 0.157 0.292 0.074 0.17866666666666667
14 0.082 0.3426666666666667 0.1 0.45599999999999996
8 0.168 0.3253333333333333 0.07200000000000001 0.12266666666666666
8 0.242 0.316 0.07200000000000001 0.104
14 0.461 0.26266666666666666 0.09 0.27466666666666667
14 0.754 0.30933333333333335 0.08 0.2773333333333333
14 0.509 0.42 0.126 0.264
