6 0.156 0.41291291291291293 0.312 0.19519519519519518
12 0.463 0.6726726726726726 0.394 0.5945945945945946
14 0.512 0.4744744744744745 0.148 0.5285285285285285
6 0.745 0.34534534534534533 0.082 0.04804804804804805
12 0.746 0.5015015015015015 0.116 0.2822822822822823
14 0.801 0.3843843843843844 0.038 0.08408408408408408
14 0.8310000000000001 0.36786786786786785 0.042 0.1111111111111111
12 0.884 0.5825825825825826 0.228 0.3663663663663664
14 0.8250000000000001 0.5990990990990991 0.09 0.38738738738738737
14 0.936 0.484984984984985 0.124 0.33933933933933935
