14 0.292 0.7087087087087087 0.136 0.5345345345345345
14 0.384 0.22672672672672672 0.108 0.45345345345345345
14 0.342 0.18768768768768768 0.1 0.37537537537537535
14 0.9410000000000001 0.33483483483483484 0.114 0.44744744744744747
14 0.489 0.6396396396396397 0.134 0.5045045045045045
14 0.581 0.6411411411411412 0.14200000000000002 0.5255255255255256
14 0.587 0.6666666666666666 0.134 0.4924924924924925
14 0.647 0.7282282282282282 0.11 0.5015015015015015
14 0.714 0.6201201201201201 0.10400000000000001 0.4774774774774775
14 0.706 0.7477477477477478 0.096 0.4984984984984985
