6 0.132 0.30933333333333335 0.112 0.10666666666666666
6 0.851 0.29733333333333334 0.114 0.07733333333333334
6 0.054 0.2826666666666667 0.084 0.064
14 0.357 0.224 0.082 0.10133333333333333
14 0.5660000000000001 0.25066666666666665 0.152 0.30933333333333335
14 0.671 0.30533333333333335 0.10200000000000001 0.34933333333333333
14 0.767 0.29333333333333333 0.098 0.29333333333333333
14 0.968 0.33199999999999996 0.06 0.33866666666666667
13 0.32 0.5826666666666667 0.596 0.7173333333333333
14 0.215 0.2906666666666667 0.03 0.10133333333333333
14 0.035 0.288 0.022 0.10666666666666666
6 0.909 0.3 0.078 0.06666666666666667
