2 0.526 0.23511904761904762 0.084 0.07738095238095238
2 0.577 0.8541666666666666 0.066 0.05952380952380952
2 0.657 0.8184523809523809 0.054 0.047619047619047616
2 0.837 0.8139880952380952 0.054 0.05654761904761904
2 0.9500000000000001 0.7782738095238095 0.044 0.04464285714285714
2 0.93 0.7738095238095237 0.044 0.047619047619047616
2 0.893 0.7261904761904762 0.038 0.041666666666666664
2 0.656 0.71875 0.04 0.03869047619047619
2 0.629 0.7098214285714285 0.042 0.04464285714285714
2 0.587 0.7038690476190476 0.034 0.04464285714285714
2 0.364 0.7470238095238095 0.048 0.047619047619047616
2 0.214 0.7261904761904762 0.04 0.041666666666666664
2 0.17400000000000002 0.7038690476190476 0.04 0.04464285714285714
2 0.065 0.6860119047619048 0.038 0.050595238095238096
2 0.11900000000000001 0.6785714285714285 0.034 0.041666666666666664
2 0.292 0.6800595238095237 0.044 0.04464285714285714
