14 0.291 0.46399999999999997 0.07 0.208
14 0.448 0.472 0.056 0.192
14 0.485 0.4093333333333333 0.05 0.152
14 0.545 0.43866666666666665 0.066 0.23199999999999998
14 0.684 0.4333333333333333 0.056 0.24266666666666667
14 0.916 0.42133333333333334 0.08 0.3253333333333333
14 0.131 0.8466666666666667 0.262 0.30133333333333334
1 0.307 0.5026666666666666 0.166 0.14133333333333334
1 0.47000000000000003 0.5013333333333333 0.156 0.13333333333333333
1 0.7000000000000001 0.48 0.168 0.144
6 0.447 0.4613333333333333 0.374 0.17066666666666666
