14 0.249 0.5853333333333333 0.094 0.3973333333333333
14 0.488 0.58 0.084 0.3333333333333333
14 0.587 0.5813333333333334 0.094 0.33599999999999997
14 0.6890000000000001 0.5746666666666667 0.08600000000000001 0.344
14 0.853 0.49066666666666664 0.098 0.192
14 0.081 0.62 0.082 0.424
14 0.40900000000000003 0.5933333333333333 0.074 0.36
14 0.162 0.584 0.10400000000000001 0.3413333333333333
8 0.151 0.8706666666666666 0.17 0.2373333333333333
8 0.317 0.8746666666666666 0.17 0.24533333333333332
8 0.499 0.86 0.14200000000000002 0.2373333333333333
8 0.648 0.8586666666666667 0.136 0.25066666666666665
8 0.869 0.9093333333333333 0.166 0.176
8 0.649 0.9146666666666666 0.11800000000000001 0.16533333333333333
8 0.496 0.9173333333333333 0.176 0.16
8 0.275 0.9199999999999999 0.178 0.15466666666666667
8 0.074 0.9173333333333333 0.148 0.16
8 0.8290000000000001 0.688 0.10200000000000001 0.224
