13 0.862 0.6066666666666667 0.068 0.15733333333333333
13 0.734 0.6053333333333333 0.112 0.19733333333333333
14 0.601 0.6213333333333333 0.126 0.3253333333333333
14 0.273 0.5866666666666667 0.066 0.26666666666666666
14 0.316 0.5186666666666666 0.052000000000000005 0.14133333333333334
14 0.359 0.5226666666666666 0.054 0.12266666666666666
14 0.388 0.5266666666666666 0.028 0.10933333333333332
14 0.491 0.52 0.046 0.12266666666666666
14 0.537 0.508 0.058 0.12
13 0.498 0.6573333333333333 0.17200000000000001 0.248
13 0.34400000000000003 0.692 0.184 0.2906666666666667
13 0.178 0.6933333333333334 0.116 0.29333333333333333
14 0.439 0.572 0.066 0.24266666666666667
