14 0.14400000000000002 0.41183879093198994 0.128 0.35012594458438284
14 0.23500000000000001 0.36523929471032746 0.08600000000000001 0.3778337531486146
14 0.4 0.2959697732997481 0.08 0.2795969773299748
14 0.123 0.6750629722921914 0.17 0.37279596977329976
14 0.261 0.6801007556675063 0.162 0.4181360201511335
14 0.297 0.44836272040302266 0.126 0.2216624685138539
14 0.428 0.5591939546599496 0.132 0.4181360201511335
14 0.557 0.5314861460957179 0.146 0.41309823677581864
14 0.325 0.2871536523929471 0.10200000000000001 0.26700251889168763
14 0.482 0.27329974811083124 0.096 0.2695214105793451
