16 0.5805369127516778 0.7467948717948718 0.11409395973154363 0.21794871794871795
16 0.37472035794183445 0.7291666666666666 0.11409395973154363 0.24679487179487178
16 0.4541387024608501 0.7003205128205128 0.08053691275167785 0.21474358974358973
16 0.1297539149888143 0.6233974358974359 0.08053691275167785 0.18269230769230768
16 0.05257270693512304 0.7628205128205128 0.06935123042505592 0.17307692307692307
16 0.5805369127516778 0.5897435897435898 0.09172259507829977 0.12179487179487179
16 0.2505592841163311 0.6698717948717948 0.16554809843400448 0.1923076923076923
16 0.8702460850111856 0.7371794871794871 0.11185682326621924 0.17307692307692307
16 0.6957494407158836 0.7019230769230769 0.1297539149888143 0.1794871794871795
16 0.23825503355704697 0.7692307692307692 0.10514541387024608 0.16666666666666666
