14 0.164 0.4108761329305136 0.136 0.3806646525679758
14 0.269 0.2945619335347432 0.114 0.48036253776435045
14 0.313 0.27492447129909364 0.062 0.34441087613293053
14 0.378 0.23564954682779457 0.084 0.2416918429003021
14 0.378 0.11933534743202417 0.08 0.09969788519637462
14 0.41600000000000004 0.20090634441087613 0.044 0.24471299093655588
14 0.441 0.2326283987915408 0.034 0.2598187311178248
14 0.539 0.2809667673716012 0.03 0.2416918429003021
14 0.497 0.3066465256797583 0.09 0.2990936555891239
14 0.578 0.3323262839879154 0.044 0.16314199395770393
14 0.621 0.3429003021148036 0.034 0.1540785498489426
3 0.499 0.4229607250755287 0.362 0.8459214501510574
