14 0.105 0.4984984984984985 0.21 0.996996996996997
14 0.6910000000000001 0.5105105105105106 0.386 0.9729729729729729
14 0.149 0.40540540540540543 0.074 0.32432432432432434
14 0.24 0.33483483483483484 0.084 0.27927927927927926
14 0.321 0.36936936936936937 0.078 0.17417417417417416
14 0.23 0.7012012012012012 0.20400000000000001 0.5075075075075075
14 0.377 0.521021021021021 0.186 0.2912912912912913
14 0.516 0.46096096096096095 0.08 0.45345345345345345
14 0.394 0.2777777777777778 0.12 0.26126126126126126
11 0.294 0.8663663663663663 0.32 0.26126126126126126
11 0.40700000000000003 0.7387387387387387 0.19 0.26426426426426425
11 0.72 0.8033033033033034 0.512 0.38738738738738737
14 0.504 0.22972972972972971 0.04 0.057057057057057055
