10 0.797 0.6996996996996997 0.402 0.46846846846846846
8 0.65 0.5930930930930931 0.116 0.2852852852852853
8 0.6960000000000001 0.6426426426426426 0.124 0.3183183183183183
8 0.769 0.6981981981981982 0.146 0.3813813813813814
8 0.913 0.6906906906906907 0.166 0.35435435435435436
8 0.803 0.48348348348348347 0.05 0.06006006006006006
8 0.592 0.53003003003003 0.084 0.2012012012012012
8 0.319 0.5645645645645646 0.098 0.16816816816816815
17 0.461 0.5045045045045045 0.154 0.18018018018018017
17 0.126 0.5045045045045045 0.152 0.21021021021021022
8 0.209 0.7432432432432432 0.20600000000000002 0.35735735735735735
8 0.845 0.6441441441441441 0.11 0.3213213213213213
