1 0.713 0.5933333333333333 0.258 0.19999999999999998
1 0.386 0.5853333333333333 0.192 0.17866666666666667
1 0.2 0.572 0.14400000000000002 0.152
1 0.047 0.572 0.094 0.14133333333333334
14 0.714 0.5026666666666666 0.14400000000000002 0.296
14 0.374 0.5186666666666666 0.112 0.27999999999999997
14 0.187 0.5186666666666666 0.082 0.216
14 0.029 0.49866666666666665 0.058 0.16
14 0.9440000000000001 0.44666666666666666 0.056 0.184
14 0.879 0.4573333333333333 0.042 0.152
14 0.848 0.43466666666666665 0.036000000000000004 0.17066666666666666
14 0.804 0.4413333333333333 0.044 0.16799999999999998
14 0.627 0.4573333333333333 0.03 0.15733333333333333
14 0.462 0.4493333333333333 0.044 0.14133333333333334
14 0.125 0.4653333333333333 0.022 0.11466666666666667
14 0.10400000000000001 0.4653333333333333 0.024 0.11466666666666667
