4 0.018000000000000002 0.7506666666666666 0.036000000000000004 0.14133333333333334
4 0.045 0.748 0.042 0.14666666666666667
4 0.073 0.7493333333333333 0.046 0.144
4 0.10400000000000001 0.7466666666666666 0.04 0.144
4 0.132 0.748 0.036000000000000004 0.14133333333333334
4 0.164 0.7466666666666666 0.04 0.144
4 0.192 0.744 0.036000000000000004 0.144
4 0.22 0.7413333333333333 0.036000000000000004 0.144
4 0.249 0.7453333333333333 0.038 0.14133333333333334
4 0.279 0.7413333333333333 0.038 0.144
4 0.309 0.7373333333333333 0.038 0.14666666666666667
4 0.34 0.736 0.036000000000000004 0.144
4 0.369 0.7373333333333333 0.034 0.14133333333333334
4 0.397 0.736 0.038 0.144
4 0.426 0.7346666666666667 0.032 0.14666666666666667
4 0.455 0.7333333333333333 0.034 0.144
4 0.486 0.7346666666666667 0.036000000000000004 0.14666666666666667
4 0.641 0.20266666666666666 0.034 0.11733333333333333
14 0.5680000000000001 0.5973333333333333 0.656 0.7999999999999999
14 0.898 0.716 0.2 0.5626666666666666
