14 0.8125 0.8125 0.37 0.36742424242424243
14 0.86625 0.4943181818181818 0.2625 0.48863636363636365
14 0.6975 0.4734848484848485 0.27 0.4545454545454546
14 0.17250000000000001 0.75 0.34500000000000003 0.49242424242424243
14 0.10375000000000001 0.5928030303030303 0.20750000000000002 0.5568181818181819
14 0.36375 0.34280303030303033 0.3225 0.40530303030303033
4 0.58625 0.46022727272727276 0.0325 0.17045454545454547
4 0.56625 0.48295454545454547 0.0375 0.17803030303030304
4 0.5337500000000001 0.45265151515151514 0.0375 0.23863636363636365
14 0.45375 0.6950757575757576 0.28750000000000003 0.6022727272727273
