8 0.9540000000000001 0.6293333333333333 0.088 0.24533333333333332
8 0.841 0.5493333333333333 0.154 0.25066666666666665
8 0.802 0.48933333333333334 0.108 0.24266666666666667
8 0.6890000000000001 0.46399999999999997 0.11 0.21866666666666665
8 0.578 0.45199999999999996 0.10400000000000001 0.21066666666666667
8 0.528 0.3853333333333333 0.092 0.10933333333333332
8 0.426 0.41866666666666663 0.1 0.16
8 0.215 0.372 0.082 0.12533333333333332
8 0.129 0.3733333333333333 0.082 0.13333333333333333
17 0.38 0.612 0.48 0.43466666666666665
