13 0.5760000000000001 0.6506666666666666 0.78 0.6933333333333334
13 0.372 0.47333333333333333 0.532 0.5573333333333333
13 0.056 0.3413333333333333 0.112 0.256
14 0.79 0.19466666666666665 0.124 0.3893333333333333
14 0.932 0.21466666666666667 0.116 0.42933333333333334
14 0.961 0.29466666666666663 0.074 0.5786666666666667
14 0.494 0.09733333333333333 0.084 0.19466666666666665
13 0.657 0.06666666666666667 0.058 0.096
13 0.586 0.05333333333333333 0.08 0.09066666666666666
13 0.061 0.11866666666666666 0.078 0.12
