4 0.491 0.9369369369369369 0.034 0.12012012012012012
14 0.738 0.5720720720720721 0.244 0.6396396396396397
14 0.646 0.6576576576576576 0.176 0.6726726726726726
1 0.913 0.8273273273273273 0.17 0.30930930930930933
14 0.044 0.6981981981981982 0.088 0.5975975975975976
14 0.129 0.6756756756756757 0.182 0.6426426426426426
14 0.26 0.6561561561561562 0.188 0.6816816816816816
14 0.342 0.46396396396396394 0.036000000000000004 0.11711711711711711
14 0.373 0.6906906906906907 0.214 0.6126126126126126
14 0.581 0.8963963963963963 0.17 0.2012012012012012
14 0.768 0.8723723723723724 0.20800000000000002 0.24924924924924924
14 0.906 0.9069069069069069 0.176 0.18018018018018017
