8 0.585 0.3466666666666667 0.10200000000000001 0.33599999999999997
8 0.38 0.22266666666666665 0.088 0.11466666666666667
8 0.293 0.26 0.082 0.104
8 0.23 0.4106666666666667 0.116 0.3733333333333333
8 0.151 0.46266666666666667 0.166 0.41866666666666663
8 0.34900000000000003 0.62 0.302 0.5573333333333333
8 0.8140000000000001 0.31866666666666665 0.124 0.296
8 0.788 0.33066666666666666 0.10400000000000001 0.224
8 0.742 0.46266666666666667 0.228 0.44
8 0.725 0.5413333333333333 0.266 0.5493333333333333
10 0.458 0.5 0.636 0.472
