4 0.294 0.5893333333333333 0.14400000000000002 0.5866666666666667
4 0.428 0.5546666666666666 0.124 0.5546666666666666
4 0.54 0.52 0.124 0.5333333333333333
4 0.634 0.45466666666666666 0.096 0.49866666666666665
4 0.723 0.48 0.17 0.496
4 0.23600000000000002 0.5053333333333333 0.108 0.5626666666666666
4 0.367 0.3 0.106 0.20533333333333334
4 0.487 0.27199999999999996 0.08600000000000001 0.17066666666666666
4 0.727 0.23866666666666667 0.094 0.12533333333333332
4 0.021 0.20933333333333332 0.042 0.41866666666666663
4 0.10300000000000001 0.19733333333333333 0.162 0.39466666666666667
4 0.098 0.5599999999999999 0.14 0.3466666666666667
4 0.023 0.596 0.046 0.33866666666666667
4 0.026000000000000002 0.896 0.052000000000000005 0.20266666666666666
4 0.101 0.8626666666666667 0.13 0.2693333333333333
4 0.295 0.94 0.11 0.11466666666666667
4 0.41000000000000003 0.9293333333333333 0.108 0.13599999999999998
4 0.515 0.9199999999999999 0.094 0.15466666666666667
4 0.614 0.896 0.088 0.20266666666666666
4 0.6940000000000001 0.8853333333333333 0.108 0.224
4 0.786 0.864 0.092 0.26666666666666666
