14 0.495 0.724 0.07 0.12
14 0.504 0.8119999999999999 0.08 0.20533333333333334
8 0.5680000000000001 0.82 0.052000000000000005 0.12533333333333332
14 0.112 0.6933333333333334 0.032 0.112
14 0.139 0.6946666666666667 0.026000000000000002 0.088
15 0.114 0.7893333333333333 0.044 0.112
15 0.054 0.8346666666666667 0.052000000000000005 0.13866666666666666
13 0.233 0.7973333333333333 0.19 0.16
15 0.389 0.9386666666666666 0.154 0.112
15 0.896 0.9266666666666666 0.124 0.14133333333333334
3 0.522 0.528 0.9520000000000001 0.6293333333333333
