14 0.15 0.5317286652078774 0.28 0.8577680525164113
14 0.372 0.5175054704595186 0.272 0.899343544857768
14 0.5670000000000001 0.5098468271334792 0.28600000000000003 0.9190371991247265
14 0.8250000000000001 0.5043763676148796 0.302 0.9299781181619255
13 0.183 0.5612691466083151 0.314 0.5098468271334792
13 0.445 0.6301969365426696 0.28600000000000003 0.34573304157549234
13 0.725 0.5601750547045952 0.134 0.4638949671772429
13 0.9590000000000001 0.5525164113785558 0.078 0.4923413566739606
14 0.974 0.31400437636761486 0.048 0.15973741794310722
14 0.025 0.40153172866520787 0.05 0.2735229759299781
