11 0.625 0.484593837535014 0.438 0.6106442577030813
14 0.333 0.42997198879551823 0.29 0.7254901960784313
14 0.047 0.26750700280112044 0.094 0.5350140056022409
11 0.96 0.40756302521008403 0.076 0.32212885154061627
8 0.834 0.32212885154061627 0.14400000000000002 0.25210084033613445
11 0.647 0.32492997198879553 0.126 0.1400560224089636
14 0.486 0.15966386554621848 0.07200000000000001 0.09523809523809523
6 0.134 0.1834733893557423 0.232 0.29411764705882354
6 0.533 0.16806722689075632 0.31 0.33613445378151263
6 0.842 0.226890756302521 0.312 0.2913165266106443
6 0.273 0.10084033613445378 0.05 0.08403361344537816
