6 0.225 0.736 0.262 0.13333333333333333
6 0.114 0.7266666666666667 0.168 0.10933333333333332
6 0.022 0.7306666666666667 0.04 0.06933333333333333
6 0.038 0.6866666666666666 0.076 0.050666666666666665
6 0.41200000000000003 0.7026666666666667 0.08 0.06133333333333333
6 0.485 0.696 0.13 0.09066666666666666
6 0.539 0.708 0.138 0.072
6 0.592 0.6813333333333333 0.076 0.04533333333333333
6 0.634 0.6946666666666667 0.064 0.04
6 0.678 0.708 0.12 0.088
6 0.759 0.6866666666666666 0.07 0.029333333333333333
6 0.981 0.7 0.034 0.056
6 0.871 0.6839999999999999 0.078 0.029333333333333333
6 0.913 0.6799999999999999 0.054 0.048
