10 0.745 0.8626666666666667 0.506 0.2693333333333333
8 0.202 0.8146666666666667 0.404 0.36533333333333334
8 0.917 0.652 0.098 0.184
10 0.463 0.5413333333333333 0.09 0.06933333333333333
14 0.097 0.41466666666666663 0.11800000000000001 0.36
15 0.595 0.29466666666666663 0.018000000000000002 0.04
15 0.5660000000000001 0.2826666666666667 0.036000000000000004 0.064
15 0.468 0.2813333333333333 0.076 0.072
8 0.71 0.648 0.34400000000000003 0.18666666666666665
14 0.295 0.416 0.058 0.06933333333333333
14 0.767 0.4066666666666667 0.038 0.056
14 0.513 0.424 0.058 0.12266666666666666
14 0.542 0.504 0.16 0.36266666666666664
14 0.704 0.49466666666666664 0.244 0.4933333333333333
14 0.289 0.648 0.418 0.6986666666666667
15 0.166 0.4746666666666666 0.064 0.144
