10 0.04 0.8210382513661202 0.08 0.13387978142076504
8 0.067 0.8592896174863388 0.126 0.27595628415300544
8 0.9430000000000001 0.9371584699453552 0.11 0.12021857923497267
8 0.9520000000000001 0.8169398907103825 0.092 0.15300546448087432
10 0.899 0.8224043715846995 0.194 0.2677595628415301
8 0.779 0.8101092896174863 0.106 0.28688524590163933
8 0.612 0.7076502732240437 0.07200000000000001 0.07650273224043716
8 0.671 0.8538251366120219 0.138 0.28688524590163933
8 0.454 0.8360655737704918 0.08 0.29508196721311475
8 0.537 0.8688524590163934 0.146 0.2568306010928962
10 0.589 0.8442622950819673 0.262 0.30601092896174864
8 0.233 0.569672131147541 0.046 0.10655737704918032
8 0.305 0.5997267759562841 0.074 0.13934426229508196
14 0.324 0.5478142076502732 0.07200000000000001 0.16666666666666666
14 0.34 0.5040983606557377 0.036000000000000004 0.07923497267759563
14 0.622 0.4576502732240437 0.048 0.07923497267759563
14 0.71 0.4672131147540984 0.052000000000000005 0.0546448087431694
