19 0.358 0.5986666666666667 0.128 0.11466666666666667
19 0.458 0.756 0.164 0.13066666666666665
19 0.759 0.7173333333333333 0.14200000000000002 0.128
19 0.962 0.6066666666666667 0.07200000000000001 0.04533333333333333
19 0.811 0.44266666666666665 0.054 0.05333333333333333
19 0.307 0.512 0.098 0.08
19 0.47000000000000003 0.5053333333333333 0.092 0.072
19 0.5740000000000001 0.5813333333333334 0.108 0.096
19 0.397 0.4613333333333333 0.046 0.064
19 0.289 0.26666666666666666 0.046 0.048
19 0.47100000000000003 0.244 0.038 0.04
19 0.053 0.23466666666666666 0.05 0.048
19 0.369 0.42133333333333334 0.062 0.058666666666666666
19 0.772 0.5573333333333333 0.092 0.08
19 0.615 0.476 0.08600000000000001 0.08266666666666667
