8 0.022666666666666665 0.389 0.04533333333333333 0.066
8 0.172 0.359 0.104 0.106
8 0.4053333333333333 0.34 0.08 0.088
8 0.524 0.337 0.050666666666666665 0.082
8 0.6093333333333333 0.332 0.07733333333333334 0.076
8 0.58 0.33 0.06666666666666667 0.08
8 0.5386666666666666 0.6940000000000001 0.9173333333333333 0.608
14 0.6346666666666666 0.677 0.7253333333333333 0.546
8 0.7626666666666666 0.324 0.058666666666666666 0.076
8 0.704 0.31 0.042666666666666665 0.052000000000000005
8 0.6719999999999999 0.32 0.042666666666666665 0.032
8 0.94 0.377 0.11466666666666667 0.106
8 0.872 0.342 0.144 0.084
