10 0.47800000000000004 0.7773333333333333 0.652 0.41866666666666663
14 0.131 0.632 0.254 0.7306666666666667
14 0.277 0.46799999999999997 0.23800000000000002 0.4613333333333333
14 0.8130000000000001 0.6546666666666666 0.37 0.6853333333333333
14 0.71 0.576 0.192 0.416
4 0.435 0.5706666666666667 0.054 0.13333333333333333
4 0.47100000000000003 0.5519999999999999 0.03 0.128
4 0.41400000000000003 0.5479999999999999 0.02 0.14133333333333334
4 0.441 0.48133333333333334 0.022 0.034666666666666665
4 0.422 0.48266666666666663 0.024 0.03733333333333333
