4 0.9786666666666667 0.739 0.03733333333333333 0.066
4 0.9533333333333333 0.719 0.088 0.094
4 0.9146666666666666 0.714 0.096 0.084
4 0.8733333333333333 0.708 0.09866666666666667 0.084
4 0.8306666666666667 0.707 0.10933333333333332 0.074
4 0.968 0.844 0.058666666666666666 0.084
4 0.9426666666666667 0.84 0.09333333333333332 0.084
4 0.9026666666666666 0.8320000000000001 0.09866666666666667 0.08
4 0.8573333333333333 0.8260000000000001 0.10933333333333332 0.08
4 0.82 0.8200000000000001 0.104 0.07200000000000001
4 0.8386666666666667 0.9380000000000001 0.10933333333333332 0.08
