12 0.8300000000000001 0.7162162162162162 0.08 0.2912912912912913
12 0.721 0.7387387387387387 0.106 0.24624624624624625
14 0.8180000000000001 0.5 0.1 0.15315315315315314
14 0.716 0.542042042042042 0.092 0.14114114114114115
14 0.392 0.8183183183183184 0.056 0.11711711711711711
14 0.20700000000000002 0.8033033033033034 0.062 0.15915915915915915
14 0.095 0.8123123123123123 0.062 0.15315315315315314
6 0.394 0.8303303303303303 0.272 0.09309309309309309
6 0.626 0.8153153153153153 0.292 0.10510510510510511
6 0.835 0.7912912912912913 0.202 0.14714714714714713
