16 0.112 0.8426666666666667 0.024 0.042666666666666665
16 0.189 0.852 0.046 0.024
16 0.268 0.8386666666666667 0.044 0.024
16 0.32 0.852 0.052000000000000005 0.034666666666666665
16 0.455 0.8506666666666667 0.042 0.03733333333333333
16 0.521 0.8613333333333333 0.058 0.05333333333333333
16 0.531 0.8453333333333333 0.05 0.026666666666666665
16 0.633 0.836 0.05 0.029333333333333333
16 0.524 0.828 0.044 0.018666666666666665
16 0.74 0.8533333333333333 0.048 0.021333333333333333
16 0.838 0.8546666666666667 0.028 0.018666666666666665
16 0.599 0.9053333333333333 0.09 0.09333333333333332
