19 0.314 0.6294871794871795 0.136 0.16666666666666666
15 0.199 0.4076923076923077 0.202 0.37435897435897436
15 0.417 0.5705128205128205 0.114 0.1
15 0.314 0.4935897435897436 0.088 0.14615384615384616
15 0.504 0.5769230769230769 0.084 0.11282051282051282
15 0.633 0.5961538461538461 0.066 0.1
15 0.873 0.49743589743589745 0.15 0.24615384615384617
15 0.841 0.7871794871794872 0.17 0.28717948717948716
15 0.6900000000000001 0.5807692307692308 0.08 0.15128205128205127
15 0.7010000000000001 0.9128205128205128 0.166 0.16923076923076924
