6 0.032 0.22441860465116278 0.064 0.053488372093023255
6 0.20700000000000002 0.3 0.41400000000000003 0.22325581395348837
6 0.374 0.1883720930232558 0.044 0.046511627906976744
6 0.387 0.19651162790697674 0.046 0.06744186046511627
6 0.445 0.1930232558139535 0.074 0.06511627906976744
6 0.587 0.15930232558139534 0.158 0.10465116279069767
6 0.859 0.18604651162790697 0.278 0.12558139534883722
14 0.491 0.40581395348837207 0.14200000000000002 0.672093023255814
13 0.254 0.5081395348837209 0.468 0.6162790697674418
13 0.679 0.5430232558139535 0.47800000000000004 0.7465116279069768
