10 0.625 0.616 0.114 0.16
8 0.562 0.616 0.07200000000000001 0.15466666666666667
8 0.681 0.624 0.066 0.15466666666666667
8 0.559 0.5893333333333333 0.066 0.128
10 0.319 0.5853333333333333 0.246 0.13066666666666665
8 0.357 0.6093333333333333 0.082 0.13599999999999998
8 0.274 0.5866666666666667 0.07200000000000001 0.112
8 0.41100000000000003 0.5826666666666667 0.05 0.14133333333333334
8 0.322 0.524 0.048 0.024
8 0.247 0.5146666666666666 0.042 0.016
14 0.727 0.5066666666666666 0.058 0.07466666666666666
8 0.705 0.5013333333333333 0.078 0.064
