8 0.552 0.652 0.124 0.3173333333333333
10 0.10400000000000001 0.84 0.20800000000000002 0.31466666666666665
8 0.075 0.876 0.15 0.24266666666666667
8 0.136 0.8146666666666667 0.14400000000000002 0.34933333333333333
15 0.6910000000000001 0.4013333333333333 0.066 0.296
15 0.928 0.5373333333333333 0.048 0.17333333333333334
15 0.893 0.47866666666666663 0.054 0.25866666666666666
15 0.739 0.54 0.098 0.17333333333333334
15 0.804 0.5093333333333333 0.032 0.15466666666666667
15 0.843 0.5466666666666666 0.046 0.10133333333333333
