8 0.743 0.388 0.058 0.104
8 0.75 0.45999999999999996 0.056 0.09333333333333332
8 0.9540000000000001 0.764 0.088 0.17333333333333334
8 0.866 0.6719999999999999 0.084 0.144
8 0.859 0.5826666666666667 0.07 0.13599999999999998
8 0.72 0.516 0.068 0.12
8 0.743 0.6986666666666667 0.07 0.13866666666666666
8 0.65 0.5026666666666666 0.056 0.13066666666666665
8 0.681 0.7746666666666666 0.07 0.14133333333333334
8 0.611 0.848 0.082 0.144
8 0.51 0.9093333333333333 0.07200000000000001 0.14933333333333332
8 0.432 0.9159999999999999 0.076 0.16266666666666665
8 0.548 0.704 0.068 0.14933333333333332
8 0.467 0.5439999999999999 0.058 0.13333333333333333
8 0.489 0.42 0.062 0.12
8 0.371 0.38266666666666665 0.05 0.104
8 0.311 0.448 0.05 0.13866666666666666
8 0.34 0.6346666666666666 0.068 0.144
