4 0.397 0.3453333333333333 0.074 0.09333333333333332
4 0.727 0.35333333333333333 0.038 0.19999999999999998
4 0.833 0.33999999999999997 0.05 0.16266666666666665
4 0.397 0.512 0.074 0.30933333333333335
4 0.128 0.37466666666666665 0.04 0.152
4 0.167 0.45466666666666666 0.074 0.18933333333333333
14 0.322 0.49466666666666664 0.352 0.952
14 0.687 0.22799999999999998 0.322 0.45066666666666666
14 0.724 0.49866666666666665 0.548 0.9973333333333333
14 0.115 0.7066666666666667 0.23 0.5813333333333334
10 0.446 0.6813333333333333 0.804 0.632
