2 0.088 0.38333333333333336 0.052000000000000005 0.08888888888888889
2 0.10300000000000001 0.3416666666666667 0.07 0.08333333333333334
2 0.232 0.5305555555555556 0.056 0.09444444444444444
2 0.379 0.5361111111111111 0.066 0.11666666666666667
2 0.47100000000000003 0.7222222222222222 0.058 0.08888888888888889
2 0.496 0.6888888888888889 0.06 0.11111111111111112
2 0.651 0.7166666666666667 0.058 0.14444444444444446
2 0.795 0.4861111111111111 0.062 0.11666666666666667
2 0.719 0.3611111111111111 0.07 0.1
2 0.646 0.5555555555555556 0.068 0.08888888888888889
