6 0.433 0.5619047619047619 0.65 0.5650793650793651
13 0.8150000000000001 0.6317460317460317 0.106 0.19682539682539682
6 0.101 0.5904761904761905 0.202 0.3682539682539683
6 0.928 0.5746031746031746 0.14 0.2857142857142857
14 0.612 0.43492063492063493 0.076 0.23492063492063492
14 0.727 0.4253968253968254 0.07 0.21587301587301588
14 0.034 0.373015873015873 0.052000000000000005 0.11746031746031746
14 0.151 0.3682539682539683 0.046 0.0761904761904762
14 0.858 0.4174603174603175 0.068 0.24444444444444444
14 0.894 0.4253968253968254 0.032 0.19047619047619047
14 0.926 0.40634920634920635 0.056 0.18412698412698414
14 0.981 0.3761904761904762 0.034 0.13015873015873017
