14 0.537 0.2573333333333333 0.11800000000000001 0.248
14 0.597 0.296 0.058 0.144
14 0.653 0.31866666666666665 0.066 0.09866666666666667
14 0.777 0.54 0.222 0.696
14 0.244 0.5186666666666666 0.268 0.7813333333333333
14 0.483 0.52 0.266 0.6986666666666667
11 0.094 0.848 0.18 0.256
11 0.264 0.8026666666666666 0.176 0.2613333333333333
11 0.439 0.7893333333333333 0.178 0.2773333333333333
11 0.577 0.716 0.17400000000000002 0.4453333333333333
11 0.708 0.8119999999999999 0.17200000000000001 0.296
6 0.972 0.352 0.052000000000000005 0.064
6 0.838 0.356 0.052000000000000005 0.050666666666666665
6 0.121 0.33066666666666666 0.066 0.05333333333333333
