18 0.247 0.36533333333333334 0.494 0.23466666666666666
18 0.507 0.3773333333333333 0.226 0.2373333333333333
15 0.08700000000000001 0.292 0.066 0.14133333333333334
18 0.785 0.3373333333333333 0.426 0.11466666666666667
15 0.9530000000000001 0.29466666666666663 0.034 0.072
14 0.20400000000000001 0.42 0.056 0.184
14 0.134 0.39999999999999997 0.036000000000000004 0.112
14 0.915 0.3733333333333333 0.046 0.128
14 0.786 0.3466666666666667 0.024 0.06933333333333333
14 0.843 0.344 0.022 0.07466666666666666
