10 0.5599999999999999 0.355 0.5173333333333333 0.158
8 0.3466666666666667 0.312 0.064 0.048
8 0.764 0.319 0.06133333333333333 0.054
8 0.7973333333333333 0.41400000000000003 0.096 0.152
8 0.304 0.40800000000000003 0.09066666666666666 0.16
8 0.216 0.533 0.15466666666666667 0.21
8 0.8733333333333333 0.541 0.16266666666666665 0.20600000000000002
8 0.264 0.763 0.5013333333333333 0.47000000000000003
8 0.7693333333333333 0.796 0.45599999999999996 0.404
10 0.5413333333333333 0.709 0.8266666666666667 0.578
14 0.9146666666666666 0.34700000000000003 0.16533333333333333 0.65
