10 0.5660000000000001 0.7626666666666666 0.38 0.4693333333333333
14 0.9450000000000001 0.648 0.106 0.48533333333333334
14 0.616 0.6226666666666666 0.28 0.7493333333333333
8 0.652 0.7133333333333333 0.364 0.568
14 0.252 0.6173333333333333 0.504 0.76
15 0.47500000000000003 0.15066666666666667 0.11800000000000001 0.30133333333333334
4 0.21 0.22799999999999998 0.06 0.264
4 0.169 0.256 0.058 0.224
4 0.076 0.27599999999999997 0.052000000000000005 0.23199999999999998
4 0.064 0.17333333333333334 0.064 0.208
4 0.135 0.18 0.018000000000000002 0.07733333333333334
4 0.14 0.148 0.028 0.10933333333333332
4 0.163 0.13866666666666666 0.03 0.10133333333333333
4 0.222 0.19599999999999998 0.048 0.24266666666666667
