10 0.47500000000000003 0.7933333333333333 0.534 0.408
8 0.543 0.8346666666666667 0.17 0.3253333333333333
8 0.221 0.8266666666666667 0.25 0.3413333333333333
14 0.8300000000000001 0.7106666666666667 0.256 0.5733333333333334
14 0.743 0.5333333333333333 0.134 0.192
14 0.624 0.5053333333333333 0.128 0.19999999999999998
14 0.452 0.512 0.12 0.17066666666666666
14 0.28200000000000003 0.5293333333333333 0.152 0.16266666666666665
14 0.177 0.7106666666666667 0.202 0.5093333333333333
8 0.202 0.424 0.084 0.14933333333333332
8 0.179 0.532 0.066 0.12
8 0.10300000000000001 0.8826666666666666 0.114 0.22933333333333333
8 0.036000000000000004 0.6386666666666666 0.07200000000000001 0.216
14 0.044 0.7746666666666666 0.088 0.4453333333333333
15 0.747 0.372 0.242 0.34933333333333333
15 0.083 0.37866666666666665 0.034 0.06933333333333333
