6 0.39622641509433965 0.458 0.5534591194968553 0.312
6 0.8254716981132076 0.449 0.29874213836477986 0.214
6 0.07232704402515723 0.395 0.14465408805031446 0.182
14 0.9009433962264152 0.431 0.1729559748427673 0.314
14 0.9638364779874214 0.47200000000000003 0.0660377358490566 0.28800000000000003
14 0.8459119496855346 0.331 0.06289308176100629 0.066
14 0.6808176100628931 0.367 0.0660377358490566 0.114
14 0.60062893081761 0.358 0.07547169811320756 0.12
14 0.07232704402515723 0.302 0.06918238993710692 0.076
14 0.13050314465408805 0.331 0.0660377358490566 0.114
14 0.19025157232704404 0.342 0.04716981132075472 0.092
