5 0.081 0.484984984984985 0.162 0.11711711711711711
6 0.028 0.5570570570570571 0.056 0.07507507507507508
18 0.519 0.487987987987988 0.674 0.40540540540540543
15 0.251 0.6441441441441441 0.034 0.04504504504504504
15 0.324 0.6531531531531531 0.04 0.04504504504504504
15 0.41200000000000003 0.6681681681681682 0.04 0.05105105105105105
15 0.515 0.6831831831831832 0.046 0.05105105105105105
15 0.619 0.6951951951951952 0.05 0.057057057057057055
15 0.838 0.7027027027027027 0.044 0.05405405405405406
14 0.78 0.6411411411411412 0.052000000000000005 0.16516516516516516
14 0.733 0.5330330330330331 0.026000000000000002 0.05105105105105105
