10 0.673 0.9117647058823529 0.418 0.1711229946524064
8 0.401 0.9772727272727272 0.122 0.040106951871657755
8 0.47000000000000003 0.8716577540106951 0.12 0.25133689839572193
15 0.739 0.6149732620320856 0.386 0.4064171122994652
15 0.234 0.6377005347593583 0.10400000000000001 0.32352941176470584
8 0.392 0.6644385026737968 0.124 0.19518716577540104
8 0.549 0.6644385026737968 0.122 0.18983957219251335
17 0.461 0.5307486631016043 0.17400000000000002 0.10962566844919786
15 0.449 0.53475935828877 0.054 0.11764705882352941
15 0.5660000000000001 0.4959893048128342 0.04 0.034759358288770054
8 0.251 0.622994652406417 0.134 0.1818181818181818
8 0.28500000000000003 0.5882352941176471 0.11 0.1550802139037433
15 0.308 0.4852941176470588 0.10400000000000001 0.15775401069518716
