10 0.537 0.6853333333333333 0.6900000000000001 0.624
15 0.438 0.216 0.06 0.08533333333333333
15 0.389 0.236 0.062 0.08266666666666667
8 0.621 0.35733333333333334 0.11800000000000001 0.06933333333333333
8 0.914 0.612 0.168 0.6373333333333333
8 0.186 0.8426666666666667 0.372 0.30933333333333335
8 0.158 0.3813333333333333 0.1 0.2826666666666667
14 0.128 0.6173333333333333 0.248 0.6
14 0.912 0.5493333333333333 0.136 0.5706666666666667
14 0.291 0.30666666666666664 0.262 0.44266666666666665
1 0.679 0.15866666666666665 0.05 0.13066666666666665
1 0.64 0.16 0.032 0.12266666666666666
