14 0.846 0.2373333333333333 0.136 0.288
14 0.877 0.5466666666666666 0.166 0.36266666666666664
14 0.924 0.728 0.148 0.5386666666666666
14 0.754 0.472 0.156 0.31466666666666665
14 0.59 0.48666666666666664 0.192 0.264
14 0.456 0.6053333333333333 0.28 0.512
14 0.261 0.5426666666666666 0.27 0.41333333333333333
4 0.333 0.6986666666666667 0.046 0.21866666666666665
4 0.793 0.7866666666666666 0.046 0.2613333333333333
10 0.6990000000000001 0.8039999999999999 0.402 0.38666666666666666
10 0.397 0.8253333333333333 0.462 0.344
17 0.324 0.5866666666666667 0.548 0.39999999999999997
