19 0.046 0.44266666666666665 0.04 0.06933333333333333
19 0.135 0.4373333333333333 0.054 0.06933333333333333
8 0.159 0.5626666666666666 0.094 0.17066666666666666
8 0.268 0.5346666666666666 0.084 0.14666666666666667
14 0.23500000000000001 0.428 0.046 0.09333333333333332
14 0.265 0.45199999999999996 0.082 0.13599999999999998
14 0.384 0.44266666666666665 0.1 0.096
14 0.389 0.5533333333333333 0.11 0.264
8 0.378 0.6293333333333333 0.108 0.224
19 0.5630000000000001 0.4706666666666667 0.066 0.07733333333333334
19 0.504 0.4613333333333333 0.032 0.08533333333333333
19 0.719 0.4706666666666667 0.078 0.09333333333333332
14 0.744 0.5946666666666667 0.14400000000000002 0.3253333333333333
8 0.794 0.688 0.152 0.31466666666666665
14 0.883 0.5626666666666666 0.134 0.3253333333333333
8 0.93 0.6226666666666666 0.108 0.22666666666666666
14 0.769 0.41333333333333333 0.046 0.06933333333333333
14 0.14100000000000001 0.496 0.058 0.19733333333333333
