6 0.884 0.123 0.04 0.022
6 0.7919999999999999 0.11900000000000001 0.042666666666666665 0.018000000000000002
6 0.37066666666666664 0.13 0.06933333333333333 0.02
6 0.20533333333333334 0.221 0.13333333333333333 0.07
1 0.9186666666666666 0.224 0.024 0.024
14 0.152 0.255 0.096 0.166
14 0.9159999999999999 0.199 0.018666666666666665 0.022
14 0.312 0.372 0.19733333333333333 0.436
14 0.8946666666666666 0.213 0.018666666666666665 0.07
14 0.48933333333333334 0.217 0.12533333333333332 0.13
14 0.8733333333333333 0.20800000000000002 0.034666666666666665 0.076
14 0.5866666666666667 0.385 0.208 0.558
14 0.7653333333333333 0.366 0.2613333333333333 0.5760000000000001
14 0.8453333333333333 0.339 0.176 0.438
4 0.8866666666666666 0.40800000000000003 0.06133333333333333 0.08
