6 0.8190000000000001 0.076 0.046 0.050666666666666665
8 0.743 0.23466666666666666 0.098 0.08533333333333333
8 0.514 0.2826666666666667 0.064 0.15466666666666667
8 0.438 0.328 0.084 0.20266666666666666
8 0.34700000000000003 0.3973333333333333 0.082 0.24533333333333332
8 0.224 0.4666666666666667 0.132 0.25066666666666665
8 0.052000000000000005 0.6106666666666667 0.096 0.352
8 0.876 0.36933333333333335 0.18 0.2533333333333333
8 0.882 0.42666666666666664 0.192 0.26666666666666666
8 0.852 0.54 0.228 0.3813333333333333
8 0.811 0.7146666666666667 0.306 0.5226666666666666
8 0.749 0.8266666666666667 0.386 0.33599999999999997
10 0.423 0.6346666666666666 0.842 0.7146666666666667
