8 0.213 0.7507507507507507 0.426 0.4924924924924925
8 0.203 0.7972972972972973 0.13 0.24324324324324323
8 0.84 0.7762762762762763 0.156 0.36936936936936937
14 0.197 0.6411411411411412 0.294 0.5555555555555556
14 0.599 0.4984984984984985 0.542 0.996996996996997
19 0.8150000000000001 0.6081081081081081 0.23 0.30930930930930933
4 0.758 0.4174174174174174 0.02 0.09009009009009009
14 0.21 0.27927927927927926 0.032 0.2222222222222222
14 0.167 0.2807807807807808 0.054 0.21921921921921922
14 0.146 0.18468468468468469 0.044 0.16516516516516516
