14 0.294 0.5523076923076923 0.064 0.23076923076923078
14 0.342 0.5584615384615385 0.07200000000000001 0.28615384615384615
14 0.401 0.556923076923077 0.082 0.27076923076923076
14 0.457 0.5538461538461539 0.074 0.28923076923076924
14 0.514 0.5430769230769231 0.08 0.28
14 0.5710000000000001 0.5323076923076923 0.062 0.27692307692307694
14 0.619 0.5507692307692308 0.10200000000000001 0.29538461538461536
14 0.732 0.6569230769230769 0.14 0.6369230769230769
14 0.644 0.7876923076923077 0.132 0.3261538461538461
14 0.561 0.7553846153846154 0.134 0.3415384615384615
14 0.47200000000000003 0.7584615384615384 0.12 0.3230769230769231
14 0.41500000000000004 0.7661538461538462 0.082 0.28923076923076924
14 0.35100000000000003 0.7630769230769231 0.10200000000000001 0.30153846153846153
14 0.306 0.76 0.068 0.28923076923076924
14 0.23600000000000002 0.7830769230769231 0.116 0.3169230769230769
14 0.223 0.6615384615384615 0.114 0.5169230769230769
14 0.837 0.06923076923076923 0.018000000000000002 0.06461538461538462
14 0.99 0.5753846153846154 0.016 0.13538461538461538
