8 0.135 0.8415697674418604 0.266 0.311046511627907
13 0.793 0.22674418604651161 0.054 0.12790697674418605
14 0.259 0.6744186046511628 0.422 0.6453488372093024
14 0.298 0.6438953488372093 0.22 0.7063953488372093
14 0.385 0.47093023255813954 0.186 0.43023255813953487
14 0.532 0.4563953488372093 0.148 0.42441860465116277
14 0.841 0.6555232558139534 0.314 0.6831395348837209
14 0.786 0.42877906976744184 0.112 0.2819767441860465
14 0.71 0.5494186046511628 0.168 0.45930232558139533
14 0.641 0.5043604651162791 0.17 0.39244186046511625
