8 0.669 0.7826666666666666 0.434 0.42933333333333334
14 0.191 0.688 0.382 0.6186666666666667
14 0.17300000000000001 0.5613333333333334 0.342 0.8666666666666666
14 0.366 0.5906666666666667 0.132 0.744
14 0.456 0.6053333333333333 0.10400000000000001 0.42133333333333334
14 0.537 0.6693333333333333 0.242 0.656
14 0.596 0.828 0.228 0.33866666666666667
14 0.727 0.5373333333333333 0.178 0.5893333333333333
14 0.862 0.5786666666666667 0.192 0.6933333333333334
14 0.537 0.35866666666666663 0.106 0.30666666666666664
14 0.33 0.2853333333333333 0.064 0.192
