8 0.234 0.7322485207100592 0.092 0.3165680473372781
14 0.302 0.6878698224852071 0.176 0.4467455621301775
14 0.426 0.6553254437869822 0.092 0.3757396449704142
14 0.518 0.658284023668639 0.092 0.3994082840236686
14 0.628 0.665680473372781 0.128 0.42011834319526625
14 0.6970000000000001 0.7115384615384616 0.17400000000000002 0.47041420118343197
8 0.752 0.8121301775147929 0.148 0.3698224852071006
8 0.308 0.8062130177514792 0.148 0.3698224852071006
8 0.463 0.8313609467455622 0.14200000000000002 0.3313609467455621
10 0.47500000000000003 0.7707100591715976 0.326 0.34023668639053256
