10 0.717 0.728494623655914 0.562 0.5376344086021506
10 0.397 0.41397849462365593 0.39 0.25806451612903225
8 0.498 0.696236559139785 0.252 0.6021505376344086
8 0.5740000000000001 0.47043010752688175 0.112 0.1827956989247312
8 0.682 0.4408602150537635 0.088 0.15591397849462366
8 0.767 0.4260752688172043 0.07 0.12634408602150538
8 0.8280000000000001 0.7983870967741936 0.34 0.39784946236559143
8 0.901 0.860215053763441 0.194 0.2741935483870968
8 0.193 0.4166666666666667 0.054 0.25268817204301075
8 0.269 0.43682795698924737 0.13 0.28763440860215056
8 0.369 0.4516129032258065 0.122 0.2741935483870968
8 0.47800000000000004 0.3548387096774194 0.068 0.10215053763440861
8 0.549 0.34408602150537637 0.07 0.0913978494623656
