15 0.902 0.47866666666666663 0.128 0.20533333333333334
14 0.186 0.8293333333333333 0.16 0.33599999999999997
14 0.307 0.7773333333333333 0.14200000000000002 0.42933333333333334
14 0.47500000000000003 0.7746666666666666 0.166 0.4453333333333333
14 0.582 0.8133333333333334 0.136 0.368
14 0.717 0.7893333333333333 0.226 0.416
14 0.227 0.5293333333333333 0.14200000000000002 0.34933333333333333
14 0.364 0.4933333333333333 0.124 0.2826666666666667
14 0.465 0.5 0.094 0.27999999999999997
14 0.559 0.49866666666666665 0.094 0.26666666666666666
14 0.642 0.496 0.116 0.288
14 0.726 0.52 0.12 0.3466666666666667
8 0.105 0.6866666666666666 0.15 0.4933333333333333
