3 0.402 0.7746666666666666 0.308 0.2906666666666667
3 0.596 0.7959999999999999 0.1 0.056
3 0.042 0.6853333333333333 0.084 0.2773333333333333
3 0.379 0.48 0.646 0.3413333333333333
3 0.874 0.78 0.10400000000000001 0.056
3 0.28300000000000003 0.7506666666666666 0.122 0.12533333333333332
3 0.5720000000000001 0.6719999999999999 0.096 0.13333333333333333
3 0.68 0.7026666666666667 0.096 0.056
3 0.655 0.652 0.11 0.06133333333333333
3 0.78 0.7693333333333333 0.108 0.056
3 0.96 0.7626666666666666 0.076 0.048
