2 0.911 0.6186186186186187 0.08600000000000001 0.3063063063063063
2 0.848 0.6486486486486487 0.148 0.3363363363363363
2 0.77 0.5825825825825826 0.084 0.2702702702702703
2 0.725 0.5585585585585585 0.05 0.25225225225225223
2 0.657 0.6921921921921922 0.078 0.34534534534534533
2 0.561 0.6456456456456456 0.09 0.3363363363363363
2 0.651 0.56006006006006 0.09 0.24924924924924924
2 0.589 0.5225225225225225 0.11 0.27627627627627627
2 0.559 0.43993993993993996 0.042 0.10510510510510511
2 0.484 0.5045045045045045 0.052000000000000005 0.24024024024024024
2 0.432 0.5435435435435435 0.12 0.2702702702702703
2 0.368 0.7492492492492493 0.16 0.35135135135135137
2 0.27 0.7357357357357357 0.12 0.32432432432432434
2 0.179 0.6921921921921922 0.146 0.32732732732732733
2 0.082 0.6351351351351351 0.136 0.3033033033033033
2 0.252 0.515015015015015 0.07200000000000001 0.14114114114114115
2 0.325 0.536036036036036 0.106 0.2072072072072072
2 0.368 0.49399399399399396 0.096 0.2072072072072072
14 0.093 0.1036036036036036 0.074 0.14714714714714713
14 0.037 0.0945945945945946 0.058 0.1891891891891892
