4 0.5630000000000001 0.172 0.14200000000000002 0.344
10 0.327 0.45999999999999996 0.33 0.408
10 0.629 0.7693333333333333 0.738 0.45599999999999996
14 0.748 0.4413333333333333 0.5 0.6
14 0.225 0.6853333333333333 0.45 0.624
14 0.14400000000000002 0.30266666666666664 0.18 0.2373333333333333
8 0.398 0.4653333333333333 0.212 0.3813333333333333
8 0.369 0.2733333333333333 0.058 0.072
8 0.6980000000000001 0.29333333333333333 0.06 0.10133333333333333
14 0.677 0.20266666666666666 0.146 0.304
14 0.9400000000000001 0.17066666666666666 0.116 0.18666666666666665
10 0.842 0.33866666666666667 0.312 0.25066666666666665
