3 0.684 0.4519519519519519 0.148 0.08108108108108109
3 0.811 0.6876876876876877 0.262 0.10810810810810811
3 0.447 0.3408408408408408 0.09 0.04504504504504504
3 0.889 0.1981981981981982 0.094 0.1981981981981982
3 0.16 0.3228228228228228 0.056 0.05105105105105105
3 0.715 0.2807807807807808 0.058 0.057057057057057055
3 0.093 0.3108108108108108 0.05 0.08708708708708708
3 0.396 0.3213213213213213 0.064 0.04804804804804805
3 0.6990000000000001 0.6621621621621622 0.306 0.09309309309309309
3 0.767 0.8513513513513513 0.214 0.1831831831831832
3 0.532 0.7717717717717718 0.3 0.13213213213213212
3 0.419 0.8003003003003003 0.502 0.2012012012012012
3 0.157 0.7432432432432432 0.314 0.19519519519519518
