8 0.8230000000000001 0.7085561497326203 0.098 0.1818181818181818
8 0.551 0.7112299465240641 0.11800000000000001 0.1925133689839572
8 0.38 0.81951871657754 0.20400000000000001 0.35026737967914434
8 0.367 0.8716577540106951 0.218 0.2459893048128342
8 0.628 0.9344919786096256 0.20800000000000002 0.12032085561497326
8 0.14300000000000002 0.713903743315508 0.166 0.2620320855614973
8 0.41500000000000004 0.6310160427807486 0.11800000000000001 0.1978609625668449
8 0.122 0.5775401069518716 0.084 0.13903743315508021
10 0.686 0.8850267379679144 0.54 0.2192513368983957
17 0.28600000000000003 0.5868983957219251 0.23600000000000002 0.18449197860962566
