15 0.6910000000000001 0.6053333333333333 0.27 0.22933333333333333
8 0.111 0.7999999999999999 0.218 0.3893333333333333
8 0.47800000000000004 0.7826666666666666 0.14 0.2853333333333333
8 0.552 0.6906666666666667 0.112 0.058666666666666666
8 0.875 0.7106666666666667 0.10200000000000001 0.06666666666666667
10 0.676 0.9119999999999999 0.64 0.17066666666666666
10 0.264 0.78 0.152 0.19466666666666665
10 0.705 0.7733333333333333 0.43 0.11733333333333333
14 0.35000000000000003 0.6573333333333333 0.17200000000000001 0.36
14 0.129 0.5946666666666667 0.178 0.23466666666666666
