4 0.583 0.6711711711711712 0.038 0.22522522522522523
4 0.537 0.6471471471471472 0.038 0.19519519519519518
4 0.498 0.6771771771771772 0.032 0.19519519519519518
4 0.483 0.6981981981981982 0.046 0.21921921921921922
8 0.17300000000000001 0.7822822822822822 0.258 0.4294294294294294
8 0.709 0.7657657657657657 0.246 0.4624624624624625
10 0.464 0.8408408408408409 0.612 0.3123123123123123
14 0.316 0.6651651651651651 0.252 0.6636636636636637
14 0.786 0.6651651651651651 0.42 0.6576576576576576
8 0.121 0.8648648648648649 0.242 0.26426426426426425
