3 0.6890000000000001 0.612 0.262 0.11466666666666667
3 0.218 0.6373333333333333 0.26 0.07466666666666666
3 0.884 0.36933333333333335 0.16 0.056
3 0.715 0.3933333333333333 0.182 0.07733333333333334
3 0.561 0.41733333333333333 0.218 0.088
3 0.54 0.33199999999999996 0.112 0.034666666666666665
3 0.081 0.844 0.162 0.08266666666666667
3 0.045 0.7706666666666666 0.09 0.05333333333333333
3 0.33 0.484 0.20800000000000002 0.07733333333333334
3 0.376 0.48933333333333334 0.18 0.050666666666666665
3 0.519 0.4706666666666667 0.17 0.06133333333333333
3 0.357 0.4493333333333333 0.198 0.06133333333333333
3 0.65 0.316 0.12 0.04
3 0.745 0.30533333333333335 0.10200000000000001 0.034666666666666665
3 0.8170000000000001 0.292 0.10200000000000001 0.04
3 0.054 0.5146666666666666 0.108 0.042666666666666665
