6 0.9580000000000001 0.5539358600583091 0.08 0.19825072886297376
14 0.077 0.771137026239067 0.14200000000000002 0.4518950437317784
14 0.353 0.6137026239067055 0.11 0.5102040816326531
14 0.466 0.685131195335277 0.148 0.5189504373177842
14 0.639 0.7332361516034985 0.10200000000000001 0.521865889212828
14 0.773 0.7201166180758017 0.166 0.5539358600583091
14 0.9590000000000001 0.7857142857142857 0.078 0.3294460641399417
14 0.908 0.6574344023323615 0.07200000000000001 0.30612244897959184
8 0.28400000000000003 0.902332361516035 0.116 0.18950437317784255
8 0.47000000000000003 0.9198250728862973 0.2 0.15451895043731778
8 0.878 0.9008746355685131 0.16 0.1924198250728863
8 0.9580000000000001 0.8746355685131195 0.08 0.24489795918367346
10 0.613 0.8819241982507289 0.202 0.2303206997084548
