10 0.731 0.836 0.534 0.32266666666666666
14 0.187 0.6586666666666666 0.178 0.6773333333333333
14 0.397 0.732 0.178 0.5306666666666666
14 0.903 0.7373333333333333 0.19 0.3333333333333333
14 0.704 0.6973333333333334 0.112 0.16266666666666665
14 0.68 0.5493333333333333 0.12 0.33066666666666666
14 0.5700000000000001 0.6226666666666666 0.08 0.13599999999999998
14 0.5720000000000001 0.5933333333333333 0.112 0.19999999999999998
14 0.461 0.5706666666666667 0.07 0.128
14 0.227 0.46266666666666667 0.07 0.152
14 0.045 0.5306666666666666 0.09 0.112
