15 0.785 0.33866666666666667 0.262 0.39466666666666667
8 0.7020000000000001 0.8026666666666666 0.24 0.3893333333333333
14 0.634 0.5106666666666666 0.176 0.27999999999999997
14 0.34500000000000003 0.6786666666666666 0.222 0.6
14 0.167 0.42933333333333334 0.082 0.26666666666666666
14 0.234 0.44266666666666665 0.048 0.11733333333333333
14 0.545 0.42133333333333334 0.058 0.09066666666666666
8 0.279 0.78 0.274 0.43466666666666665
8 0.9460000000000001 0.8266666666666667 0.10400000000000001 0.3413333333333333
8 0.963 0.584 0.07 0.144
8 0.048 0.508 0.052000000000000005 0.14133333333333334
8 0.10400000000000001 0.4973333333333333 0.052000000000000005 0.13066666666666665
4 0.538 0.536 0.04 0.16
4 0.492 0.48533333333333334 0.02 0.064
