14 0.091 0.436 0.182 0.17333333333333334
14 0.125 0.45466666666666666 0.25 0.5306666666666666
14 0.622 0.6773333333333333 0.752 0.64
14 0.724 0.312 0.17200000000000001 0.208
14 0.506 0.36133333333333334 0.212 0.30666666666666664
14 0.63 0.36 0.168 0.39466666666666667
4 0.23700000000000002 0.8213333333333334 0.062 0.26666666666666666
4 0.328 0.8493333333333333 0.064 0.17333333333333334
4 0.498 0.588 0.048 0.17866666666666667
4 0.363 0.6186666666666667 0.078 0.304
4 0.456 0.508 0.044 0.16799999999999998
10 0.525 0.6786666666666666 0.9460000000000001 0.6373333333333333
