4 0.4666666666666667 0.423 0.432 0.418
4 0.16 0.17300000000000001 0.32 0.34600000000000003
4 0.3773333333333333 0.196 0.41333333333333333 0.392
4 0.6853333333333333 0.148 0.448 0.296
4 0.7906666666666666 0.41000000000000003 0.41333333333333333 0.368
4 0.21066666666666667 0.777 0.36266666666666664 0.442
4 0.536 0.745 0.44266666666666665 0.41000000000000003
4 0.6759999999999999 0.928 0.32266666666666666 0.14
4 0.9079999999999999 0.9 0.17866666666666667 0.196
4 0.8026666666666666 0.704 0.3893333333333333 0.392
