8 0.751 0.566066066066066 0.17 0.44144144144144143
8 0.531 0.496996996996997 0.138 0.3933933933933934
17 0.212 0.5990990990990991 0.42 0.36336336336336333
14 0.588 0.7717717717717718 0.34800000000000003 0.45045045045045046
14 0.542 0.5045045045045045 0.136 0.4144144144144144
14 0.713 0.46546546546546547 0.158 0.4264264264264264
14 0.389 0.5615615615615616 0.138 0.4624624624624625
14 0.29 0.6981981981981982 0.316 0.5975975975975976
14 0.34600000000000003 0.7522522522522522 0.176 0.3033033033033033
8 0.212 0.7657657657657657 0.424 0.4624624624624625
