8 0.123 0.5946666666666667 0.126 0.24533333333333332
8 0.178 0.6533333333333333 0.10400000000000001 0.288
8 0.279 0.7213333333333333 0.166 0.328
8 0.34400000000000003 0.8079999999999999 0.196 0.36266666666666664
8 0.492 0.8613333333333333 0.308 0.26666666666666666
8 0.754 0.6093333333333333 0.128 0.12
8 0.553 0.5346666666666666 0.094 0.06666666666666667
8 0.398 0.47866666666666663 0.064 0.050666666666666665
10 0.618 0.724 0.756 0.5466666666666666
14 0.059000000000000004 0.3733333333333333 0.074 0.26666666666666666
14 0.126 0.4413333333333333 0.092 0.408
14 0.245 0.4653333333333333 0.11800000000000001 0.22666666666666666
14 0.41200000000000003 0.37066666666666664 0.08 0.26666666666666666
14 0.5720000000000001 0.36533333333333334 0.076 0.29866666666666664
14 0.627 0.43466666666666665 0.122 0.31466666666666665
14 0.858 0.7266666666666667 0.28 0.5413333333333333
14 0.55 0.7839999999999999 0.42 0.416
