8 0.508 0.3888888888888889 0.112 0.26726726726726724
8 0.398 0.4174174174174174 0.12 0.3063063063063063
8 0.522 0.35135135135135137 0.10400000000000001 0.2222222222222222
14 0.778 0.2747747747747748 0.128 0.2912912912912913
14 0.901 0.53003003003003 0.194 0.933933933933934
14 0.157 0.6471471471471472 0.23 0.6516516516516516
14 0.293 0.6066066066066066 0.17 0.5885885885885885
14 0.196 0.34984984984984985 0.38 0.5135135135135135
14 0.277 0.24324324324324323 0.314 0.2882882882882883
14 0.662 0.5465465465465466 0.192 0.8468468468468469
4 0.734 0.27627627627627627 0.044 0.08408408408408408
14 0.394 0.35135135135135137 0.16 0.4924924924924925
