8 0.47700000000000004 0.7906666666666666 0.13 0.216
8 0.377 0.8413333333333333 0.146 0.19466666666666665
8 0.23600000000000002 0.8093333333333333 0.14 0.20533333333333334
8 0.308 0.9653333333333333 0.272 0.064
8 0.892 0.9666666666666667 0.18 0.06133333333333333
8 0.836 0.9106666666666666 0.22 0.17333333333333334
8 0.754 0.888 0.136 0.21866666666666665
8 0.718 0.8426666666666667 0.16 0.22933333333333333
8 0.663 0.7946666666666666 0.106 0.18666666666666665
8 0.047 0.72 0.094 0.18666666666666665
10 0.8170000000000001 0.7813333333333333 0.11800000000000001 0.11733333333333333
10 0.891 0.8253333333333333 0.134 0.14666666666666667
10 0.9490000000000001 0.9173333333333333 0.098 0.16
8 0.043000000000000003 0.6653333333333333 0.07 0.072
