13 0.589 0.9159999999999999 0.526 0.16266666666666665
13 0.8290000000000001 0.844 0.326 0.22133333333333333
13 0.149 0.872 0.298 0.24533333333333332
14 0.12 0.7839999999999999 0.10400000000000001 0.33599999999999997
14 0.061 0.7773333333333333 0.07 0.32266666666666666
14 0.457 0.7626666666666666 0.20600000000000002 0.29866666666666664
14 0.516 0.8133333333333334 0.128 0.368
14 0.607 0.8119999999999999 0.214 0.37066666666666664
14 0.76 0.7626666666666666 0.112 0.2826666666666667
14 0.833 0.7573333333333333 0.13 0.33066666666666666
