4 0.5660000000000001 0.6056149732620321 0.20800000000000002 0.21657754010695185
14 0.367 0.5895721925133689 0.594 0.8155080213903743
14 0.72 0.5949197860962566 0.3 0.6016042780748663
4 0.396 0.10962566844919786 0.028 0.1229946524064171
4 0.37 0.10561497326203208 0.024 0.12566844919786097
4 0.341 0.10695187165775401 0.026000000000000002 0.1229946524064171
4 0.312 0.10026737967914438 0.028 0.12032085561497326
4 0.28200000000000003 0.09893048128342245 0.024 0.1229946524064171
4 0.256 0.09759358288770052 0.028 0.13101604278074866
4 0.224 0.09358288770053476 0.036000000000000004 0.1336898395721925
4 0.195 0.09358288770053476 0.03 0.1336898395721925
4 0.164 0.08823529411764705 0.028 0.1283422459893048
4 0.132 0.0909090909090909 0.028 0.1283422459893048
4 0.084 0.0855614973262032 0.036000000000000004 0.1283422459893048
4 0.05 0.08422459893048127 0.032 0.12566844919786097
4 0.013000000000000001 0.08823529411764705 0.026000000000000002 0.1229946524064171
4 0.28400000000000003 0.23262032085561496 0.02 0.06951871657754011
4 0.255 0.25534759358288767 0.022 0.12566844919786097
4 0.226 0.25401069518716574 0.028 0.1336898395721925
4 0.196 0.25534759358288767 0.028 0.12566844919786097
4 0.167 0.24866310160427807 0.034 0.1443850267379679
4 0.135 0.2459893048128342 0.034 0.1497326203208556
4 0.08700000000000001 0.24465240641711228 0.03 0.15240641711229946
4 0.054 0.25133689839572193 0.032 0.13903743315508021
10 0.606 0.9037433155080213 0.784 0.18716577540106952
4 0.052000000000000005 0.731283422459893 0.044 0.12566844919786097
4 0.022 0.7914438502673796 0.044 0.0909090909090909
