14 0.198 0.6186186186186187 0.392 0.7507507507507507
14 0.343 0.5015015015015015 0.134 0.16216216216216217
14 0.529 0.4069069069069069 0.09 0.2012012012012012
14 0.621 0.43993993993993996 0.11800000000000001 0.2852852852852853
14 0.5650000000000001 0.496996996996997 0.074 0.15915915915915915
14 0.776 0.5315315315315315 0.268 0.2702702702702703
14 0.965 0.5135135135135135 0.062 0.29429429429429427
14 0.892 0.4444444444444444 0.064 0.21021021021021022
14 0.6880000000000001 0.3003003003003003 0.096 0.24624624624624625
14 0.733 0.26876876876876876 0.066 0.13513513513513514
