5 0.029 0.3483483483483483 0.058 0.3183183183183183
5 0.089 0.36486486486486486 0.062 0.14114114114114115
14 0.23500000000000001 0.5480480480480481 0.074 0.3213213213213213
14 0.33 0.5630630630630631 0.06 0.34534534534534533
14 0.37 0.5075075075075075 0.028 0.2222222222222222
14 0.422 0.6306306306306306 0.076 0.45645645645645644
14 0.481 0.5915915915915916 0.05 0.36036036036036034
14 0.551 0.596096096096096 0.08600000000000001 0.47147147147147145
14 0.6 0.6291291291291291 0.088 0.47147147147147145
14 0.638 0.6666666666666666 0.076 0.5585585585585585
14 0.678 0.6726726726726726 0.088 0.6486486486486487
14 0.73 0.6921921921921922 0.136 0.6036036036036035
14 0.8270000000000001 0.6846846846846847 0.138 0.6246246246246246
14 0.925 0.6846846846846847 0.146 0.6246246246246246
