14 0.032 0.6831831831831832 0.06 0.21921921921921922
14 0.08600000000000001 0.6501501501501501 0.096 0.19519519519519518
14 0.122 0.6606606606606606 0.056 0.18618618618618618
14 0.17300000000000001 0.7042042042042042 0.05 0.26726726726726724
14 0.249 0.6411411411411412 0.07 0.2132132132132132
14 0.96 0.6471471471471472 0.032 0.10510510510510511
8 0.369 0.6501501501501501 0.046 0.12312312312312312
8 0.331 0.6456456456456456 0.054 0.13813813813813813
8 0.47000000000000003 0.6411411411411412 0.036000000000000004 0.11711711711711711
10 0.406 0.6576576576576576 0.064 0.10810810810810811
