8 0.8946666666666666 0.665 0.12533333333333332 0.158
8 0.5026666666666666 0.654 0.14133333333333334 0.1
8 0.6839999999999999 0.642 0.14666666666666667 0.096
8 0.476 0.562 0.11466666666666667 0.12
8 0.86 0.502 0.088 0.136
8 0.7533333333333333 0.86 0.13066666666666665 0.176
8 0.62 0.931 0.14133333333333334 0.114
8 0.4613333333333333 0.869 0.144 0.15
8 0.488 0.747 0.128 0.14200000000000002
10 0.6186666666666667 0.806 0.26666666666666666 0.156
10 0.5986666666666667 0.557 0.21066666666666667 0.098
14 0.7293333333333333 0.517 0.104 0.11
14 0.58 0.47900000000000004 0.104 0.09
8 0.8466666666666667 0.392 0.09333333333333332 0.10400000000000001
8 0.18266666666666667 0.664 0.11466666666666667 0.14400000000000002
8 0.13333333333333333 0.911 0.15466666666666667 0.154
14 0.064 0.875 0.128 0.158
14 0.11599999999999999 0.782 0.104 0.12
14 0.132 0.685 0.09866666666666667 0.11800000000000001
14 0.2693333333333333 0.403 0.10133333333333333 0.186
10 0.064 0.761 0.128 0.34600000000000003
10 0.9319999999999999 0.376 0.13066666666666665 0.068
