6 0.499 0.6773333333333333 0.998 0.64
14 0.48 0.37066666666666664 0.216 0.48533333333333334
14 0.641 0.412 0.114 0.344
14 0.679 0.632 0.226 0.24533333333333332
14 0.279 0.49466666666666664 0.094 0.17333333333333334
14 0.357 0.5106666666666666 0.078 0.13599999999999998
14 0.183 0.5559999999999999 0.126 0.2853333333333333
14 0.092 0.5813333333333334 0.124 0.27199999999999996
14 0.195 0.39999999999999997 0.11 0.26666666666666666
14 0.895 0.6173333333333333 0.158 0.27466666666666667
14 0.799 0.532 0.046 0.08266666666666667
14 0.051000000000000004 0.43866666666666665 0.062 0.184
14 0.022 0.41466666666666663 0.04 0.09333333333333332
14 0.017 0.6613333333333333 0.034 0.18666666666666665
14 0.5670000000000001 0.484 0.082 0.13066666666666665
