10 0.669 0.6846846846846847 0.658 0.6246246246246246
8 0.89 0.8318318318318318 0.216 0.3303303303303303
8 0.159 0.8243243243243243 0.254 0.34534534534534533
14 0.213 0.6621621621621622 0.306 0.6696696696696697
14 0.266 0.5480480480480481 0.188 0.44144144144144143
14 0.329 0.487987987987988 0.114 0.36336336336336333
14 0.41000000000000003 0.4189189189189189 0.128 0.2972972972972973
14 0.449 0.3813813813813814 0.078 0.15615615615615616
14 0.302 0.24624624624624625 0.084 0.26426426426426425
14 0.5650000000000001 0.31681681681681684 0.11 0.13513513513513514
14 0.7020000000000001 0.28378378378378377 0.068 0.05105105105105105
14 0.783 0.28678678678678676 0.062 0.06906906906906907
14 0.9420000000000001 0.3483483483483483 0.068 0.12012012012012012
14 0.764 0.6861861861861862 0.328 0.6156156156156156
14 0.778 0.44744744744744747 0.22 0.2822822822822823
14 0.708 0.4084084084084084 0.108 0.25225225225225223
14 0.684 0.3768768768768769 0.056 0.15915915915915915
