6 0.789 0.6226666666666666 0.41400000000000003 0.2853333333333333
6 0.877 0.536 0.242 0.144
6 0.425 0.5573333333333333 0.198 0.17066666666666666
6 0.176 0.5626666666666666 0.352 0.21333333333333332
14 0.686 0.44 0.092 0.14933333333333332
14 0.594 0.54 0.10400000000000001 0.34933333333333333
14 0.553 0.5479999999999999 0.054 0.3173333333333333
14 0.483 0.576 0.094 0.3413333333333333
14 0.248 0.6013333333333333 0.084 0.36533333333333334
14 0.17 0.5853333333333333 0.1 0.3813333333333333
14 0.058 0.5733333333333334 0.068 0.384
