10 0.376 0.72 0.68 0.5546666666666666
14 0.459 0.39599999999999996 0.094 0.2373333333333333
14 0.612 0.3733333333333333 0.14 0.192
14 0.719 0.4026666666666667 0.078 0.17066666666666666
14 0.76 0.4493333333333333 0.10400000000000001 0.22666666666666666
14 0.783 0.6333333333333333 0.178 0.4026666666666667
14 0.8240000000000001 0.7213333333333333 0.268 0.5413333333333333
14 0.41300000000000003 0.4413333333333333 0.162 0.2693333333333333
14 0.329 0.47333333333333333 0.158 0.30666666666666664
14 0.26 0.5386666666666666 0.256 0.39999999999999997
14 0.138 0.6826666666666666 0.22 0.46399999999999997
14 0.092 0.736 0.18 0.512
