15 0.074 0.46799999999999997 0.148 0.472
14 0.258 0.6346666666666666 0.156 0.704
14 0.366 0.6426666666666666 0.108 0.6826666666666666
14 0.446 0.6093333333333333 0.14400000000000002 0.712
14 0.526 0.596 0.112 0.728
14 0.637 0.576 0.13 0.7146666666666667
14 0.707 0.588 0.10200000000000001 0.7013333333333334
14 0.799 0.5866666666666667 0.098 0.6453333333333333
14 0.269 0.19066666666666665 0.08600000000000001 0.248
14 0.281 0.23866666666666667 0.094 0.14133333333333334
14 0.342 0.192 0.076 0.20266666666666666
14 0.41500000000000004 0.24133333333333332 0.122 0.22666666666666666
14 0.524 0.24266666666666667 0.12 0.24
14 0.577 0.24533333333333332 0.062 0.192
14 0.64 0.22266666666666665 0.076 0.14133333333333334
14 0.72 0.22266666666666665 0.084 0.21066666666666667
