5 0.41100000000000003 0.528 0.362 0.29866666666666664
14 0.666 0.5653333333333334 0.04 0.14933333333333332
14 0.713 0.5826666666666667 0.054 0.15733333333333333
14 0.747 0.576 0.042 0.15466666666666667
14 0.8 0.5613333333333334 0.036000000000000004 0.09866666666666667
14 0.885 0.7053333333333333 0.226 0.584
14 0.159 0.576 0.034 0.12266666666666666
14 0.033 0.7026666666666667 0.066 0.3333333333333333
14 0.096 0.6133333333333333 0.048 0.10666666666666666
14 0.06 0.6213333333333333 0.048 0.20266666666666666
