15 0.261 0.1508728179551122 0.17 0.23192019950124687
15 0.438 0.1483790523690773 0.17200000000000001 0.2768079800498753
15 0.615 0.15211970074812967 0.158 0.28428927680798005
15 0.277 0.341645885286783 0.198 0.3391521197007481
15 0.452 0.4226932668329177 0.20800000000000002 0.22693266832917705
15 0.686 0.27805486284289277 0.24 0.5112219451371571
15 0.8210000000000001 0.2730673316708229 0.17 0.2967581047381546
15 0.241 0.6620947630922693 0.19 0.3117206982543641
15 0.423 0.6645885286783042 0.302 0.286783042394015
15 0.7010000000000001 0.6807980049875312 0.28200000000000003 0.2743142144638404
15 0.838 0.6583541147132169 0.232 0.28428927680798005
15 0.897 0.7755610972568578 0.198 0.22443890274314213
15 0.334 0.9052369077306733 0.248 0.18453865336658354
15 0.529 0.9152119700748129 0.14200000000000002 0.16458852867830423
