1 0.632 0.6047904191616766 0.2 0.40119760479041916
14 0.781 0.3383233532934132 0.066 0.17365269461077845
14 0.724 0.32335329341317365 0.04 0.16167664670658682
14 0.6940000000000001 0.3023952095808383 0.04 0.07185628742514971
14 0.435 0.2724550898203593 0.074 0.2155688622754491
14 0.28700000000000003 0.5089820359281437 0.502 0.9760479041916168
14 0.846 0.5913173652694611 0.20800000000000002 0.811377245508982
14 0.641 0.3787425149700599 0.138 0.3862275449101797
14 0.9520000000000001 0.3068862275449102 0.076 0.14670658682634732
14 0.362 0.23952095808383234 0.056 0.08383233532934133
