1 0.176 0.5963855421686747 0.156 0.1746987951807229
1 0.333 0.6099397590361446 0.154 0.20180722891566266
1 0.5730000000000001 0.6340361445783133 0.166 0.23192771084337352
1 0.841 0.6762048192771085 0.214 0.23192771084337352
14 0.167 0.5557228915662651 0.062 0.2680722891566265
14 0.228 0.5436746987951807 0.064 0.2801204819277109
14 0.419 0.6114457831325302 0.094 0.45180722891566266
14 0.508 0.5451807228915663 0.08 0.3855421686746988
14 0.662 0.5918674698795181 0.048 0.37650602409638556
14 0.705 0.6174698795180723 0.094 0.4096385542168675
14 0.791 0.5993975903614458 0.082 0.4096385542168675
