15 0.089 0.4906976744186046 0.058 0.14418604651162792
15 0.146 0.49534883720930234 0.052000000000000005 0.14418604651162792
15 0.20800000000000002 0.49534883720930234 0.064 0.14418604651162792
15 0.188 0.27674418604651163 0.08 0.3023255813953488
15 0.268 0.4906976744186046 0.06 0.14418604651162792
15 0.326 0.4906976744186046 0.056 0.14418604651162792
15 0.606 0.37209302325581395 0.064 0.21395348837209302
15 0.66 0.35348837209302325 0.064 0.16744186046511628
15 0.716 0.313953488372093 0.068 0.17209302325581394
15 0.76 0.2837209302325581 0.052000000000000005 0.17674418604651163
15 0.804 0.24883720930232558 0.048 0.16279069767441862
15 0.844 0.19069767441860463 0.044 0.21395348837209302
15 0.725 0.6488372093023256 0.05 0.13488372093023254
15 0.48 0.5604651162790698 0.068 0.17209302325581394
15 0.389 0.5511627906976744 0.106 0.2
15 0.296 0.6186046511627907 0.088 0.13023255813953488
15 0.193 0.6441860465116279 0.11 0.19069767441860463
15 0.675 0.7767441860465116 0.062 0.16744186046511628
15 0.613 0.8046511627906977 0.062 0.14883720930232558
15 0.562 0.7348837209302326 0.052000000000000005 0.17674418604651163
15 0.491 0.7465116279069768 0.078 0.20930232558139533
15 0.438 0.7558139534883721 0.036000000000000004 0.11627906976744186
15 0.388 0.786046511627907 0.076 0.16744186046511628
15 0.319 0.7744186046511627 0.062 0.19069767441860463
15 0.217 0.8465116279069768 0.158 0.27906976744186046
