6 0.481 0.5986666666666667 0.666 0.6586666666666666
6 0.765 0.44666666666666666 0.466 0.424
6 0.161 0.252 0.094 0.12
6 0.299 0.24133333333333332 0.114 0.08266666666666667
6 0.441 0.24 0.126 0.08533333333333333
6 0.559 0.23866666666666667 0.126 0.06666666666666667
14 0.116 0.24533333333333332 0.064 0.18666666666666665
14 0.93 0.216 0.032 0.09066666666666666
14 0.895 0.21066666666666667 0.038 0.10133333333333333
14 0.586 0.208 0.04 0.12266666666666666
14 0.229 0.22533333333333333 0.038 0.13066666666666665
14 0.355 0.212 0.026000000000000002 0.10933333333333332
