14 0.8140000000000001 0.16533333333333333 0.056 0.18666666666666665
14 0.74 0.12933333333333333 0.04 0.22133333333333333
14 0.7020000000000001 0.12133333333333333 0.04 0.20533333333333334
14 0.584 0.09333333333333332 0.06 0.18133333333333332
14 0.303 0.3293333333333333 0.14200000000000002 0.27999999999999997
14 0.49 0.33999999999999997 0.096 0.2373333333333333
14 0.124 0.756 0.14400000000000002 0.2373333333333333
14 0.18 0.9093333333333333 0.14 0.176
12 0.516 0.516 0.312 0.49866666666666665
12 0.322 0.45866666666666667 0.20400000000000001 0.45866666666666667
12 0.215 0.816 0.43 0.36266666666666664
12 0.34600000000000003 0.8973333333333333 0.212 0.19999999999999998
