14 0.912 0.5021186440677966 0.128 0.7838983050847458
14 0.844 0.1673728813559322 0.076 0.1906779661016949
14 0.811 0.5254237288135594 0.106 0.7372881355932204
14 0.729 0.19915254237288135 0.058 0.19491525423728814
14 0.6960000000000001 0.5317796610169492 0.116 0.7415254237288136
14 0.637 0.1906779661016949 0.08600000000000001 0.211864406779661
14 0.595 0.5254237288135594 0.094 0.7627118644067796
14 0.512 0.527542372881356 0.096 0.7245762711864406
14 0.41200000000000003 0.5042372881355932 0.096 0.7288135593220338
14 0.311 0.5402542372881356 0.09 0.6567796610169492
14 0.221 0.5805084745762712 0.08600000000000001 0.7457627118644068
14 0.089 0.5508474576271186 0.154 0.847457627118644
