13 0.251 0.43655589123867067 0.106 0.2809667673716012
13 0.31 0.4788519637462236 0.17200000000000001 0.2990936555891239
13 0.846 0.4516616314199396 0.16 0.28700906344410876
13 0.675 0.4622356495468278 0.17400000000000002 0.2719033232628399
13 0.5730000000000001 0.4259818731117825 0.126 0.26586102719033233
14 0.868 0.33534743202416917 0.136 0.3202416918429003
14 0.6900000000000001 0.35347432024169184 0.148 0.3021148036253776
14 0.584 0.33987915407854985 0.12 0.2688821752265861
14 0.332 0.41389728096676737 0.18 0.40483383685800606
14 0.912 0.23716012084592145 0.052000000000000005 0.22658610271903323
14 0.874 0.1510574018126888 0.044 0.09667673716012085
14 0.331 0.1797583081570997 0.054 0.09365558912386707
