14 0.17200000000000001 0.36133333333333334 0.164 0.34933333333333333
14 0.26 0.4053333333333333 0.18 0.3253333333333333
14 0.34700000000000003 0.38 0.08600000000000001 0.312
14 0.403 0.6853333333333333 0.186 0.5226666666666666
14 0.28200000000000003 0.6893333333333334 0.17200000000000001 0.5519999999999999
14 0.618 0.7746666666666666 0.316 0.4453333333333333
14 0.539 0.5826666666666667 0.106 0.24266666666666667
14 0.778 0.6066666666666667 0.16 0.728
14 0.655 0.5426666666666666 0.126 0.6266666666666666
14 0.546 0.42933333333333334 0.136 0.31466666666666665
14 0.455 0.38266666666666665 0.15 0.3173333333333333
14 0.548 0.25866666666666666 0.12 0.10666666666666666
14 0.6990000000000001 0.268 0.08600000000000001 0.09866666666666667
