4 0.849 0.39039039039039036 0.242 0.7807807807807807
4 0.644 0.3843843843843844 0.212 0.7687687687687688
4 0.446 0.3663663663663664 0.196 0.7327327327327328
4 0.256 0.34384384384384387 0.192 0.6876876876876877
4 0.078 0.32432432432432434 0.156 0.6486486486486487
4 0.078 0.7417417417417418 0.156 0.3003003003003003
4 0.182 0.8723723723723724 0.18 0.24924924924924924
4 0.24 0.7762762762762763 0.156 0.3213213213213213
4 0.421 0.8033033033033034 0.162 0.32732732732732733
4 0.36 0.8858858858858859 0.184 0.2222222222222222
4 0.584 0.8243243243243243 0.168 0.3333333333333333
4 0.536 0.8993993993993994 0.188 0.19519519519519518
4 0.759 0.8408408408408409 0.17400000000000002 0.3003003003003003
4 0.712 0.9129129129129129 0.164 0.16816816816816815
4 0.91 0.9279279279279279 0.168 0.13813813813813813
4 0.921 0.8408408408408409 0.154 0.24624624624624625
