14 0.276 0.6386666666666666 0.1 0.35466666666666663
14 0.509 0.632 0.098 0.3413333333333333
14 0.638 0.6373333333333333 0.088 0.3253333333333333
14 0.768 0.628 0.07200000000000001 0.30666666666666664
14 0.9590000000000001 0.6426666666666666 0.078 0.3466666666666667
14 0.359 0.584 0.05 0.17066666666666666
14 0.677 0.604 0.054 0.248
14 0.55 0.608 0.056 0.23466666666666666
1 0.928 0.7173333333333333 0.14 0.21333333333333332
1 0.785 0.6986666666666667 0.14200000000000002 0.192
1 0.644 0.7146666666666667 0.112 0.192
1 0.336 0.6693333333333333 0.064 0.15466666666666667
1 0.274 0.732 0.068 0.24266666666666667
