13 0.666 0.6646525679758308 0.664 0.6646525679758308
13 0.354 0.5377643504531722 0.54 0.5196374622356495
14 0.81 0.486404833836858 0.376 0.7915407854984894
14 0.421 0.39274924471299094 0.326 0.513595166163142
6 0.707 0.12386706948640483 0.262 0.1691842900302115
14 0.5730000000000001 0.11329305135951662 0.042 0.10574018126888217
13 0.28700000000000003 0.2416918429003021 0.066 0.1691842900302115
13 0.23700000000000002 0.22658610271903323 0.05 0.16314199395770393
13 0.171 0.2326283987915408 0.094 0.15709969788519637
13 0.06 0.24471299093655588 0.12 0.14501510574018128
14 0.729 0.15256797583081572 0.122 0.16012084592145015
