4 0.676 0.10960960960960961 0.036000000000000004 0.15915915915915915
4 0.646 0.1036036036036036 0.032 0.12312312312312312
4 0.536 0.13663663663663664 0.024 0.13513513513513514
4 0.512 0.13963963963963963 0.032 0.13513513513513514
4 0.978 0.6261261261261262 0.04 0.12912912912912913
4 0.9500000000000001 0.6561561561561562 0.036000000000000004 0.2012012012012012
4 0.914 0.6531531531531531 0.04 0.2072072072072072
4 0.873 0.6546546546546547 0.038 0.1981981981981982
4 0.845 0.6321321321321322 0.034 0.1831831831831832
14 0.596 0.566066066066066 0.804 0.8618618618618619
