10 0.512 0.6106666666666667 0.6880000000000001 0.26666666666666666
14 0.931 0.7413333333333333 0.134 0.512
14 0.903 0.5519999999999999 0.178 0.512
14 0.8150000000000001 0.4613333333333333 0.114 0.35733333333333334
14 0.727 0.46266666666666667 0.11800000000000001 0.2693333333333333
14 0.511 0.4013333333333333 0.178 0.15733333333333333
14 0.28500000000000003 0.43466666666666665 0.094 0.2613333333333333
14 0.201 0.4493333333333333 0.134 0.296
14 0.12 0.4613333333333333 0.24 0.35733333333333334
14 0.097 0.7213333333333333 0.194 0.48266666666666663
