6 0.498 0.5466666666666666 0.996 0.7946666666666666
14 0.709 0.18266666666666667 0.07 0.328
14 0.847 0.18266666666666667 0.082 0.3333333333333333
14 0.891 0.364 0.11 0.15733333333333333
14 0.786 0.16666666666666666 0.068 0.22133333333333333
14 0.93 0.204 0.088 0.25866666666666666
14 0.604 0.108 0.068 0.12533333333333332
14 0.384 0.104 0.056 0.09066666666666666
14 0.315 0.108 0.062 0.07733333333333334
14 0.252 0.09466666666666666 0.036000000000000004 0.11466666666666667
14 0.088 0.16266666666666665 0.064 0.15466666666666667
14 0.655 0.11733333333333333 0.05 0.13866666666666666
14 0.758 0.16133333333333333 0.052000000000000005 0.22666666666666666
