1 0.674 0.72 0.128 0.22933333333333333
1 0.511 0.6826666666666666 0.126 0.23466666666666666
1 0.366 0.6613333333333333 0.132 0.24
1 0.212 0.62 0.14 0.24266666666666667
14 0.671 0.6266666666666666 0.106 0.33599999999999997
14 0.715 0.6133333333333333 0.186 0.4533333333333333
14 0.517 0.5853333333333333 0.098 0.3173333333333333
14 0.556 0.5813333333333334 0.092 0.42666666666666664
14 0.353 0.5586666666666666 0.114 0.30133333333333334
14 0.404 0.5506666666666666 0.128 0.44
14 0.20600000000000002 0.5293333333333333 0.116 0.312
14 0.254 0.536 0.14400000000000002 0.42666666666666664
14 0.544 0.3853333333333333 0.04 0.10933333333333332
