12 0.742 0.5293333333333333 0.22 0.21066666666666667
12 0.867 0.5559999999999999 0.262 0.27466666666666667
12 0.5690000000000001 0.42133333333333334 0.122 0.10133333333333333
12 0.669 0.416 0.134 0.11733333333333333
12 0.384 0.5626666666666666 0.308 0.3413333333333333
12 0.233 0.5306666666666666 0.23800000000000002 0.24533333333333332
14 0.895 0.44666666666666666 0.09 0.27466666666666667
14 0.77 0.39066666666666666 0.064 0.14133333333333334
14 0.379 0.45999999999999996 0.062 0.30133333333333334
14 0.195 0.384 0.038 0.09066666666666666
