10 0.624 0.8273273273273273 0.652 0.33933933933933935
14 0.903 0.7312312312312312 0.19 0.5315315315315315
14 0.769 0.6321321321321322 0.166 0.3933933933933934
14 0.678 0.5840840840840841 0.116 0.2732732732732733
14 0.595 0.5675675675675675 0.098 0.24024024024024024
14 0.872 0.5015015015015015 0.252 0.4624624624624625
14 0.34900000000000003 0.6141141141141141 0.11 0.2132132132132132
14 0.214 0.5870870870870871 0.07200000000000001 0.16516516516516516
14 0.227 0.7672672672672672 0.198 0.45945945945945943
14 0.191 0.7687687687687688 0.382 0.45645645645645644
