2 0.591 0.42133333333333334 0.122 0.256
2 0.431 0.23866666666666667 0.066 0.104
2 0.441 0.33999999999999997 0.154 0.2373333333333333
2 0.769 0.30933333333333335 0.122 0.24
2 0.92 0.6253333333333333 0.156 0.37066666666666664
2 0.319 0.21466666666666667 0.05 0.10933333333333332
2 0.10400000000000001 0.21066666666666667 0.048 0.13333333333333333
2 0.388 0.7253333333333333 0.452 0.5439999999999999
2 0.124 0.5133333333333333 0.248 0.34933333333333333
2 0.156 0.3773333333333333 0.228 0.15733333333333333
