4 0.933 0.6533333333333333 0.03 0.16
4 0.966 0.6493333333333333 0.036000000000000004 0.152
4 0.044 0.156 0.052000000000000005 0.24266666666666667
4 0.17 0.224 0.044 0.18666666666666665
4 0.10200000000000001 0.436 0.052000000000000005 0.22133333333333333
4 0.145 0.4413333333333333 0.05 0.20533333333333334
4 0.248 0.448 0.04 0.176
4 0.058 0.7293333333333333 0.052000000000000005 0.22666666666666666
4 0.191 0.6933333333333334 0.042 0.19733333333333333
4 0.214 0.632 0.028 0.096
4 0.159 0.9199999999999999 0.05 0.15466666666666667
14 0.353 0.6906666666666667 0.27 0.6133333333333333
14 0.672 0.6106666666666667 0.47600000000000003 0.7733333333333333
