14 0.8833333333333333 0.6305555555555555 0.16666666666666666 0.7333333333333334
14 0.825 0.6736111111111112 0.22083333333333333 0.6472222222222223
14 0.5947916666666666 0.8152777777777778 0.2520833333333333 0.36388888888888893
14 0.7104166666666667 0.39722222222222225 0.15416666666666667 0.2888888888888889
14 0.6885416666666666 0.7444444444444445 0.21041666666666667 0.5055555555555555
14 0.5739583333333333 0.5277777777777778 0.16458333333333333 0.25
14 0.55 0.3541666666666667 0.15833333333333333 0.275
14 0.4 0.6541666666666667 0.14166666666666666 0.6861111111111111
14 0.3416666666666667 0.3625 0.1 0.23055555555555557
14 0.24791666666666667 0.6722222222222223 0.16666666666666666 0.65
14 0.09270833333333334 0.6541666666666667 0.16458333333333333 0.6861111111111111
