6 0.969 0.43066666666666664 0.058 0.072
6 0.777 0.40399999999999997 0.23800000000000002 0.11466666666666667
6 0.17 0.3773333333333333 0.14 0.06133333333333333
6 0.045 0.3853333333333333 0.09 0.056
14 0.924 0.42 0.036000000000000004 0.10933333333333332
14 0.018000000000000002 0.516 0.036000000000000004 0.20533333333333334
14 0.481 0.62 0.09 0.41333333333333333
14 0.748 0.5573333333333333 0.052000000000000005 0.256
14 0.641 0.4693333333333333 0.07 0.13866666666666666
12 0.66 0.5519999999999999 0.108 0.20266666666666666
12 0.42 0.6466666666666666 0.088 0.2533333333333333
