4 0.35000000000000003 0.47866666666666663 0.032 0.16799999999999998
4 0.602 0.8813333333333333 0.056 0.23199999999999998
19 0.912 0.408 0.17200000000000001 0.288
14 0.769 0.604 0.458 0.7866666666666666
14 0.267 0.6719999999999999 0.41400000000000003 0.6506666666666666
4 0.8180000000000001 0.03733333333333333 0.016 0.07466666666666666
4 0.835 0.03733333333333333 0.018000000000000002 0.07466666666666666
4 0.85 0.03733333333333333 0.016 0.07466666666666666
4 0.93 0.04 0.02 0.08
4 0.915 0.03866666666666667 0.022 0.07733333333333334
