4 0.176 0.199 0.08533333333333333 0.198
4 0.2653333333333333 0.199 0.088 0.198
4 0.352 0.195 0.08533333333333333 0.214
4 0.4413333333333333 0.196 0.08266666666666667 0.20800000000000002
4 0.524 0.195 0.08266666666666667 0.20600000000000002
4 0.6106666666666667 0.194 0.08533333333333333 0.20800000000000002
4 0.6973333333333334 0.195 0.088 0.21
4 0.7839999999999999 0.196 0.08533333333333333 0.20800000000000002
4 0.8693333333333333 0.196 0.08533333333333333 0.20800000000000002
4 0.192 0.497 0.064 0.13
4 0.35466666666666663 0.491 0.08533333333333333 0.138
4 0.43866666666666665 0.493 0.08266666666666667 0.134
4 0.5226666666666666 0.493 0.08533333333333333 0.134
4 0.608 0.496 0.08533333333333333 0.128
4 0.692 0.494 0.08266666666666667 0.132
4 0.772 0.496 0.07733333333333334 0.128
4 0.6053333333333333 0.674 0.08 0.124
4 0.6866666666666666 0.675 0.08266666666666667 0.122
4 0.768 0.673 0.08 0.11800000000000001
