14 0.327 0.58 0.654 0.8293333333333333
14 0.86 0.6213333333333333 0.276 0.304
14 0.9390000000000001 0.48933333333333334 0.11800000000000001 0.3333333333333333
14 0.763 0.5559999999999999 0.114 0.248
14 0.679 0.516 0.09 0.13599999999999998
14 0.5750000000000001 0.5266666666666666 0.14200000000000002 0.18933333333333333
14 0.018000000000000002 0.516 0.036000000000000004 0.2693333333333333
14 0.20700000000000002 0.508 0.038 0.12
14 0.158 0.5133333333333333 0.032 0.13599999999999998
14 0.122 0.516 0.036000000000000004 0.13066666666666665
