14 0.244 0.316 0.12 0.216
14 0.34400000000000003 0.3453333333333333 0.108 0.17333333333333334
14 0.418 0.34933333333333333 0.092 0.176
14 0.528 0.39066666666666666 0.128 0.2853333333333333
14 0.647 0.42666666666666664 0.11800000000000001 0.24533333333333332
14 0.725 0.36266666666666664 0.106 0.16
14 0.807 0.4493333333333333 0.14200000000000002 0.344
14 0.107 0.5453333333333333 0.138 0.5626666666666666
14 0.225 0.44 0.10200000000000001 0.21333333333333332
14 0.266 0.5773333333333334 0.136 0.27466666666666667
14 0.393 0.5386666666666666 0.094 0.22933333333333333
14 0.482 0.5333333333333333 0.12 0.22933333333333333
14 0.596 0.5533333333333333 0.112 0.22666666666666666
14 0.6920000000000001 0.5626666666666666 0.132 0.26666666666666666
10 0.523 0.824 0.77 0.3466666666666667
