1 0.519 0.6182634730538923 0.10200000000000001 0.2784431137724551
1 0.922 0.6302395209580839 0.092 0.2964071856287425
1 0.603 0.5913173652694611 0.08600000000000001 0.23652694610778444
1 0.671 0.5419161676646707 0.05 0.22754491017964074
1 0.394 0.6751497005988024 0.10400000000000001 0.3023952095808383
1 0.198 0.45359281437125754 0.068 0.15269461077844312
14 0.91 0.4970059880239521 0.10400000000000001 0.44311377245508987
14 0.51 0.47455089820359286 0.096 0.3862275449101797
14 0.598 0.4640718562874252 0.084 0.3353293413173653
14 0.196 0.3847305389221557 0.064 0.23053892215568864
14 0.64 0.35628742514970063 0.068 0.19161676646706588
14 0.723 0.42065868263473055 0.062 0.3383233532934132
14 0.77 0.4041916167664671 0.04 0.3293413173652695
14 0.936 0.31437125748503 0.056 0.19161676646706588
14 0.687 0.3997005988023952 0.058 0.31437125748503
14 0.114 0.4955089820359282 0.088 0.470059880239521
14 0.28400000000000003 0.3547904191616767 0.044 0.22455089820359284
14 0.056 0.4565868263473054 0.07200000000000001 0.44011976047904194
14 0.491 0.26796407185628746 0.018000000000000002 0.056886227544910184
14 0.463 0.24251497005988026 0.022 0.05389221556886228
14 0.444 0.28592814371257486 0.04 0.11676646706586827
14 0.242 0.35778443113772457 0.052000000000000005 0.218562874251497
