4 0.28400000000000003 0.15915915915915915 0.076 0.2882882882882883
4 0.224 0.18768768768768768 0.076 0.16516516516516516
4 0.177 0.33183183183183185 0.074 0.32732732732732733
4 0.248 0.3663663663663664 0.1 0.39039039039039036
4 0.07200000000000001 0.37987987987987987 0.096 0.33933933933933935
4 0.353 0.5255255255255256 0.10200000000000001 0.3663663663663664
4 0.47500000000000003 0.48348348348348347 0.09 0.36036036036036034
4 0.5640000000000001 0.5885885885885885 0.096 0.3783783783783784
4 0.662 0.5630630630630631 0.096 0.37537537537537535
4 0.756 0.6021021021021021 0.116 0.37537537537537535
