14 0.451 0.21407185628742517 0.106 0.35029940119760483
14 0.278 0.3278443113772455 0.124 0.3083832335329342
14 0.17300000000000001 0.3997005988023952 0.178 0.595808383233533
14 0.842 0.22754491017964074 0.056 0.22155688622754494
14 0.9590000000000001 0.2155688622754491 0.078 0.23952095808383234
14 0.6880000000000001 0.5 0.452 0.9880239520958084
1 0.934 0.3023952095808383 0.128 0.15568862275449102
1 0.442 0.47305389221556887 0.088 0.29341317365269465
1 0.307 0.44610778443113774 0.122 0.11377245508982037
1 0.17400000000000002 0.7020958083832336 0.14 0.42814371257485034
1 0.628 0.8218562874251497 0.372 0.35029940119760483
