6 0.186 0.7207207207207207 0.34400000000000003 0.2042042042042042
6 0.162 0.9114114114114114 0.324 0.17117117117117117
6 0.488 0.8078078078078078 0.156 0.3783783783783784
6 0.667 0.8048048048048048 0.21 0.3843843843843844
6 0.899 0.7192192192192192 0.17 0.48348348348348347
6 0.869 0.26876876876876876 0.162 0.43543543543543545
6 0.6990000000000001 0.3708708708708709 0.154 0.47147147147147145
6 0.687 0.06756756756756757 0.11800000000000001 0.13513513513513514
6 0.541 0.1831831831831832 0.138 0.3663663663663664
6 0.302 0.09309309309309309 0.28800000000000003 0.18618618618618618
6 0.293 0.24174174174174173 0.334 0.3333333333333333
8 0.279 0.8243243243243243 0.066 0.13513513513513514
6 0.079 0.24774774774774774 0.122 0.24324324324324323
