4 0.797 0.6996996996996997 0.062 0.21021021021021022
14 0.9460000000000001 0.45945945945945943 0.10400000000000001 0.5105105105105106
14 0.67 0.5885885885885885 0.404 0.8168168168168168
14 0.465 0.5045045045045045 0.93 0.984984984984985
14 0.10400000000000001 0.2807807807807808 0.20800000000000002 0.36336336336336333
14 0.889 0.35285285285285284 0.05 0.16516516516516516
14 0.201 0.3288288288288288 0.062 0.12312312312312312
14 0.511 0.37537537537537535 0.046 0.12012012012012012
14 0.55 0.43993993993993996 0.044 0.057057057057057055
14 0.47400000000000003 0.40540540540540543 0.128 0.17417417417417416
