16 0.9410000000000001 0.72 0.114 0.35733333333333334
16 0.8280000000000001 0.736 0.14 0.3413333333333333
16 0.7030000000000001 0.7106666666666667 0.146 0.4026666666666667
16 0.584 0.7293333333333333 0.216 0.344
16 0.357 0.7693333333333333 0.17 0.36
14 0.095 0.536 0.178 0.656
14 0.219 0.4706666666666667 0.198 0.3973333333333333
14 0.492 0.37066666666666664 0.22 0.368
14 0.614 0.352 0.20800000000000002 0.368
14 0.754 0.35333333333333333 0.18 0.33866666666666667
14 0.849 0.3466666666666667 0.08600000000000001 0.3733333333333333
