14 0.892 0.5513196480938416 0.212 0.8914956011730205
14 0.289 0.218475073313783 0.042 0.09090909090909091
14 0.188 0.19794721407624633 0.032 0.05571847507331378
14 0.47400000000000003 0.18475073313782991 0.10400000000000001 0.1407624633431085
14 0.774 0.1627565982404692 0.06 0.06744868035190615
6 0.441 0.5879765395894428 0.874 0.8181818181818182
6 0.157 0.32111436950146627 0.23 0.1906158357771261
14 0.47600000000000003 0.1935483870967742 0.092 0.1407624633431085
14 0.462 0.46774193548387094 0.128 0.24926686217008798
14 0.28600000000000003 0.218475073313783 0.036000000000000004 0.08504398826979472
14 0.188 0.19501466275659823 0.036000000000000004 0.05571847507331378
