4 0.5660000000000001 0.7192192192192192 0.044 0.23123123123123124
14 0.17400000000000002 0.6996996996996997 0.184 0.4924924924924925
14 0.306 0.5990990990990991 0.1 0.24324324324324323
14 0.357 0.5435435435435435 0.08600000000000001 0.17417417417417416
14 0.514 0.5225225225225225 0.136 0.15615615615615616
14 0.632 0.5180180180180181 0.088 0.14714714714714713
14 0.6940000000000001 0.6201201201201201 0.152 0.36936936936936937
14 0.864 0.6846846846846847 0.268 0.5225225225225225
14 0.9 0.7207207207207207 0.196 0.5525525525525525
10 0.46900000000000003 0.7957957957957957 0.682 0.4024024024024024
15 0.301 0.3813813813813814 0.074 0.1921921921921922
