14 0.19674185463659147 0.6950000000000001 0.19799498746867167 0.28600000000000003
14 0.19674185463659147 0.591 0.23809523809523808 0.33
14 0.6353383458646616 0.836 0.09774436090225563 0.324
14 0.662907268170426 0.523 0.11779448621553884 0.13
14 0.6992481203007519 0.589 0.16040100250626566 0.15
14 0.7781954887218044 0.454 0.10776942355889724 0.128
14 0.7556390977443609 0.429 0.07268170426065163 0.138
14 0.6791979949874687 0.423 0.12030075187969924 0.10200000000000001
14 0.6528822055137844 0.354 0.06766917293233082 0.07200000000000001
14 0.6904761904761905 0.268 0.13283208020050125 0.264
