1 0.47000000000000003 0.720059880239521 0.488 0.4161676646706587
1 0.851 0.4326347305389222 0.294 0.344311377245509
1 0.339 0.29940119760479045 0.294 0.4131736526946108
1 0.784 0.27395209580838326 0.384 0.4820359281437126
14 0.522 0.13922155688622756 0.096 0.2724550898203593
14 0.301 0.24251497005988026 0.178 0.4850299401197605
14 0.487 0.502994011976048 0.302 0.46706586826347307
14 0.14300000000000002 0.6526946107784432 0.182 0.5988023952095809
14 0.101 0.8892215568862276 0.166 0.16766467065868265
14 0.444 0.8637724550898204 0.124 0.1347305389221557
14 0.14300000000000002 0.562874251497006 0.17400000000000002 0.6467065868263473
14 0.8240000000000001 0.3383233532934132 0.23600000000000002 0.6706586826347306
14 0.762 0.26047904191616766 0.108 0.5209580838323353
14 0.08700000000000001 0.2410179640718563 0.17400000000000002 0.4820359281437126
