13 0.404 0.724 0.112 0.264
13 0.296 0.6946666666666667 0.124 0.184
14 0.068 0.6426666666666666 0.044 0.16533333333333333
14 0.12 0.652 0.056 0.20533333333333334
14 0.171 0.6546666666666666 0.054 0.19999999999999998
14 0.18 0.6266666666666666 0.036000000000000004 0.19733333333333333
14 0.20700000000000002 0.6293333333333333 0.042 0.24
14 0.292 0.6453333333333333 0.116 0.29333333333333333
14 0.41200000000000003 0.6573333333333333 0.124 0.37066666666666664
14 0.518 0.6839999999999999 0.056 0.2853333333333333
14 0.592 0.6786666666666666 0.044 0.264
14 0.629 0.6759999999999999 0.046 0.2693333333333333
11 0.665 0.776 0.098 0.10133333333333333
14 0.684 0.6693333333333333 0.052000000000000005 0.18666666666666665
14 0.752 0.6946666666666667 0.06 0.23199999999999998
14 0.806 0.7013333333333334 0.04 0.23466666666666666
14 0.857 0.6706666666666666 0.062 0.2906666666666667
14 0.708 0.6706666666666666 0.044 0.27466666666666667
