14 0.548 0.5738636363636364 0.268 0.6977272727272726
14 0.273 0.35 0.094 0.2772727272727273
14 0.064 0.3397727272727273 0.1 0.28863636363636364
2 0.807 0.17386363636363636 0.154 0.16136363636363635
2 0.934 0.7136363636363636 0.084 0.10454545454545454
2 0.049 0.8147727272727272 0.05 0.10227272727272727
2 0.184 0.8806818181818181 0.112 0.11136363636363636
2 0.446 0.8681818181818182 0.112 0.13636363636363635
2 0.597 0.7829545454545455 0.074 0.0659090909090909
2 0.737 0.8795454545454545 0.134 0.12727272727272726
2 0.86 0.8636363636363636 0.12 0.14545454545454545
2 0.9420000000000001 0.8784090909090909 0.112 0.10681818181818181
2 0.862 0.8045454545454545 0.088 0.08636363636363636
