15 0.203 0.35435435435435436 0.194 0.21621621621621623
15 0.333 0.3993993993993994 0.154 0.1921921921921922
15 0.446 0.3948948948948949 0.17200000000000001 0.23723723723723725
15 0.561 0.45345345345345345 0.178 0.21021021021021022
15 0.7000000000000001 0.47597597597597596 0.196 0.24324324324324323
15 0.864 0.6471471471471472 0.232 0.45945945945945943
15 0.099 0.575075075075075 0.154 0.3033033033033033
15 0.199 0.5945945945945946 0.17 0.3363363363363363
15 0.312 0.6441441441441441 0.18 0.35735735735735735
15 0.41500000000000004 0.6801801801801802 0.198 0.42342342342342343
15 0.562 0.7357357357357357 0.22 0.45045045045045046
15 0.726 0.7627627627627628 0.248 0.46846846846846846
