13 0.436 0.581570996978852 0.5680000000000001 0.48036253776435045
13 0.924 0.25226586102719034 0.148 0.1903323262839879
13 0.275 0.283987915407855 0.182 0.2175226586102719
14 0.519 0.5030211480362538 0.41400000000000003 0.6314199395770392
14 0.787 0.21601208459214502 0.046 0.2930513595166163
14 0.85 0.19637462235649547 0.076 0.32628398791540786
14 0.541 0.14652567975830816 0.082 0.1782477341389728
14 0.432 0.2673716012084592 0.084 0.19637462235649547
6 0.6890000000000001 0.13595166163141995 0.326 0.23564954682779457
6 0.396 0.13141993957703926 0.34 0.1903323262839879
14 0.973 0.10120845921450151 0.05 0.10574018126888217
14 0.139 0.26132930513595165 0.094 0.3474320241691843
13 0.14300000000000002 0.30966767371601206 0.098 0.25075528700906347
13 0.28 0.2930513595166163 0.152 0.19939577039274925
