14 0.389 0.3708708708708709 0.126 0.42342342342342343
12 0.365 0.5780780780780781 0.458 0.5435435435435435
12 0.635 0.3288288288288288 0.17 0.2012012012012012
14 0.631 0.25975975975975973 0.042 0.17117117117117117
14 0.757 0.3288288288288288 0.03 0.13513513513513514
14 0.837 0.3408408408408408 0.046 0.1111111111111111
14 0.791 0.34534534534534533 0.042 0.0960960960960961
14 0.145 0.3708708708708709 0.046 0.11711711711711711
14 0.107 0.3738738738738739 0.042 0.0990990990990991
14 0.07 0.3843843843843844 0.04 0.1021021021021021
14 0.018000000000000002 0.3663663663663664 0.036000000000000004 0.13213213213213212
