15 0.07840236686390532 0.262 0.1390532544378698 0.112
15 0.26331360946745563 0.402 0.11834319526627218 0.1
15 0.49408284023668636 0.529 0.13609467455621302 0.106
15 0.7455621301775148 0.40800000000000003 0.13609467455621302 0.10400000000000001
15 0.08136094674556213 0.754 0.15088757396449703 0.176
15 0.16420118343195267 0.877 0.10355029585798817 0.14200000000000002
15 0.29289940828402367 0.877 0.08875739644970414 0.134
15 0.371301775147929 0.665 0.1331360946745562 0.10200000000000001
15 0.3772189349112426 0.5730000000000001 0.1272189349112426 0.126
15 0.643491124260355 0.5730000000000001 0.1331360946745562 0.098
15 0.6331360946745562 0.655 0.1301775147928994 0.094
15 0.8284023668639053 0.867 0.09467455621301775 0.15
15 0.7692307692307692 0.862 0.15384615384615385 0.148
