14 0.7453333333333333 0.719 0.09866666666666667 0.14200000000000002
14 0.6026666666666667 0.674 0.10666666666666666 0.1
14 0.36533333333333334 0.787 0.09066666666666666 0.246
14 0.42 0.779 0.06133333333333333 0.198
14 0.4653333333333333 0.783 0.06666666666666667 0.202
14 0.52 0.788 0.06933333333333333 0.20400000000000001
14 0.5746666666666667 0.789 0.072 0.20600000000000002
14 0.6253333333333333 0.808 0.088 0.212
14 0.6733333333333333 0.789 0.06133333333333333 0.19
14 0.7546666666666666 0.781 0.09066666666666666 0.20600000000000002
