13 0.105 0.64 0.21 0.35733333333333334
13 0.296 0.604 0.256 0.33866666666666667
13 0.435 0.5626666666666666 0.178 0.2613333333333333
13 0.5670000000000001 0.5306666666666666 0.198 0.23466666666666666
13 0.705 0.48533333333333334 0.194 0.25066666666666665
13 0.796 0.49866666666666665 0.108 0.144
13 0.9540000000000001 0.41466666666666663 0.088 0.13066666666666665
13 0.886 0.43466666666666665 0.084 0.17066666666666666
14 0.136 0.47866666666666663 0.088 0.33866666666666667
14 0.924 0.344 0.036000000000000004 0.08533333333333333
14 0.8280000000000001 0.364 0.04 0.09333333333333332
