10 0.439 0.6693333333333333 0.498 0.3413333333333333
10 0.481 0.4013333333333333 0.226 0.19999999999999998
14 0.632 0.4453333333333333 0.24 0.36266666666666664
14 0.726 0.5626666666666666 0.20400000000000001 0.46399999999999997
14 0.742 0.6533333333333333 0.512 0.688
14 0.247 0.4573333333333333 0.19 0.35466666666666663
14 0.136 0.2533333333333333 0.084 0.096
14 0.114 0.5746666666666667 0.228 0.6106666666666667
14 0.6920000000000001 0.11466666666666667 0.052000000000000005 0.176
4 0.398 0.9239999999999999 0.064 0.14666666666666667
4 0.34 0.9226666666666666 0.07200000000000001 0.14933333333333332
4 0.447 0.5946666666666667 0.046 0.17066666666666666
4 0.41400000000000003 0.5973333333333333 0.048 0.16
