12 0.807 0.5729813664596273 0.226 0.2826086956521739
12 0.166 0.46273291925465837 0.148 0.14906832298136646
14 0.8130000000000001 0.4270186335403726 0.078 0.20186335403726707
14 0.17300000000000001 0.38198757763975155 0.062 0.14906832298136646
9 0.188 0.5916149068322981 0.168 0.2453416149068323
9 0.272 0.6164596273291925 0.192 0.22049689440993786
9 0.435 0.6304347826086956 0.178 0.2546583850931677
9 0.438 0.6288819875776397 0.12 0.21428571428571427
9 0.546 0.6506211180124223 0.088 0.27018633540372666
9 0.614 0.6226708074534161 0.07200000000000001 0.2453416149068323
9 0.674 0.6537267080745341 0.07200000000000001 0.23913043478260868
9 0.801 0.6444099378881987 0.09 0.2639751552795031
