10 0.453 0.6773333333333333 0.678 0.64
8 0.169 0.8546666666666667 0.298 0.27999999999999997
4 0.399 0.3773333333333333 0.042 0.15733333333333333
4 0.306 0.352 0.032 0.17066666666666666
4 0.445 0.4493333333333333 0.042 0.22133333333333333
4 0.499 0.45999999999999996 0.054 0.21066666666666667
14 0.747 0.5786666666666667 0.502 0.8373333333333333
14 0.028 0.26266666666666666 0.056 0.22666666666666666
14 0.155 0.5586666666666666 0.298 0.7173333333333333
14 0.232 0.252 0.184 0.20533333333333334
14 0.502 0.2773333333333333 0.128 0.24
14 0.61 0.30266666666666664 0.168 0.30666666666666664
14 0.706 0.36266666666666664 0.308 0.368
