10 0.5 0.7813333333333333 0.996 0.432
4 0.889 0.7453333333333333 0.10200000000000001 0.39199999999999996
4 0.517 0.696 0.058 0.24533333333333332
4 0.514 0.6386666666666666 0.076 0.27999999999999997
4 0.629 0.6066666666666667 0.074 0.2533333333333333
4 0.326 0.508 0.112 0.08266666666666667
15 0.618 0.19733333333333333 0.136 0.17066666666666666
14 0.837 0.48 0.322 0.368
14 0.64 0.45066666666666666 0.22 0.36266666666666664
14 0.373 0.4093333333333333 0.294 0.37066666666666664
14 0.114 0.44266666666666665 0.20800000000000002 0.33599999999999997
