10 0.6533333333333333 0.704 0.688 0.588
14 0.192 0.719 0.384 0.558
14 0.26266666666666666 0.58 0.37066666666666664 0.452
14 0.2693333333333333 0.376 0.128 0.184
14 0.36666666666666664 0.373 0.25866666666666666 0.23
14 0.5226666666666666 0.34400000000000003 0.19733333333333333 0.188
14 0.7293333333333333 0.385 0.17866666666666667 0.27
14 0.8653333333333333 0.438 0.17333333333333334 0.34
14 0.9199999999999999 0.535 0.15466666666666667 0.354
4 0.5093333333333333 0.632 0.06933333333333333 0.152
4 0.6746666666666666 0.6980000000000001 0.064 0.152
