13 0.23800000000000002 0.5536332179930796 0.428 0.6505190311418685
13 0.775 0.5640138408304498 0.41400000000000003 0.6920415224913495
14 0.686 0.5173010380622838 0.456 0.7301038062283737
14 0.20700000000000002 0.47923875432525953 0.35000000000000003 0.7439446366782008
14 0.864 0.2577854671280277 0.108 0.4740484429065744
14 0.324 0.2577854671280277 0.128 0.3633217993079585
14 0.5710000000000001 0.13494809688581316 0.10200000000000001 0.18685121107266436
14 0.624 0.11764705882352941 0.124 0.23529411764705882
14 0.223 0.14186851211072665 0.10200000000000001 0.16608996539792387
14 0.035 0.18339100346020762 0.07 0.35294117647058826
