10 0.56 0.5479999999999999 0.876 0.41866666666666663
10 0.47600000000000003 0.772 0.8240000000000001 0.45066666666666666
8 0.107 0.48533333333333334 0.122 0.21333333333333332
8 0.368 0.46399999999999997 0.1 0.176
8 0.45 0.46266666666666667 0.076 0.25866666666666666
8 0.503 0.47333333333333333 0.062 0.27466666666666667
8 0.544 0.49466666666666664 0.076 0.296
8 0.638 0.5573333333333333 0.152 0.36266666666666664
8 0.771 0.6413333333333333 0.158 0.472
8 0.912 0.724 0.17200000000000001 0.5413333333333333
