1 0.884 0.6254125412541254 0.196 0.5841584158415841
1 0.6940000000000001 0.6831683168316832 0.168 0.4884488448844885
1 0.10200000000000001 0.6848184818481848 0.156 0.43234323432343236
1 0.32 0.6633663366336634 0.14400000000000002 0.49504950495049505
1 0.459 0.6864686468646864 0.198 0.46864686468646866
14 0.10300000000000001 0.5313531353135313 0.162 0.7194719471947195
14 0.34600000000000003 0.5726072607260726 0.18 0.6303630363036303
14 0.51 0.5297029702970297 0.17200000000000001 0.7425742574257426
14 0.638 0.5115511551155115 0.14400000000000002 0.7920792079207921
14 0.876 0.4834983498349835 0.18 0.7887788778877888
