13 0.908 0.5558912386706949 0.18 0.36253776435045315
13 0.675 0.5332326283987915 0.226 0.35347432024169184
13 0.454 0.5740181268882175 0.34800000000000003 0.3806646525679758
14 0.7010000000000001 0.5060422960725075 0.198 0.43202416918429004
14 0.495 0.5634441087613293 0.334 0.5105740181268882
14 0.914 0.5302114803625377 0.168 0.4199395770392749
14 0.787 0.3413897280966767 0.058 0.283987915407855
13 0.459 0.3549848942598187 0.10200000000000001 0.20241691842900303
14 0.648 0.2794561933534743 0.092 0.11178247734138973
14 0.05 0.18429003021148035 0.044 0.1148036253776435
