14 0.163 0.5533333333333333 0.17400000000000002 0.6693333333333333
14 0.271 0.41466666666666663 0.10200000000000001 0.43466666666666665
14 0.374 0.4053333333333333 0.136 0.4693333333333333
14 0.489 0.46399999999999997 0.126 0.4053333333333333
14 0.62 0.4026666666666667 0.164 0.5173333333333333
14 0.8280000000000001 0.5173333333333333 0.17200000000000001 0.7893333333333333
14 0.766 0.6053333333333333 0.156 0.6826666666666666
14 0.64 0.7293333333333333 0.16 0.4613333333333333
14 0.47200000000000003 0.728 0.20400000000000001 0.42666666666666664
14 0.28300000000000003 0.736 0.198 0.4533333333333333
