14 0.723 0.5213333333333333 0.178 0.2693333333333333
14 0.864 0.6026666666666667 0.26 0.5599999999999999
14 0.125 0.6933333333333334 0.25 0.5386666666666666
14 0.176 0.4973333333333333 0.312 0.2906666666666667
14 0.394 0.35733333333333334 0.088 0.15466666666666667
8 0.873 0.7919999999999999 0.242 0.39999999999999997
4 0.588 0.652 0.044 0.216
4 0.428 0.484 0.032 0.13066666666666665
4 0.48 0.49866666666666665 0.032 0.12266666666666666
10 0.46900000000000003 0.7533333333333333 0.55 0.4666666666666667
