14 0.051000000000000004 0.6506666666666666 0.098 0.2826666666666667
14 0.177 0.5573333333333333 0.106 0.23466666666666666
14 0.254 0.5933333333333333 0.07200000000000001 0.152
14 0.325 0.7133333333333333 0.114 0.45066666666666666
14 0.488 0.52 0.064 0.21333333333333332
14 0.537 0.5333333333333333 0.054 0.18133333333333332
14 0.524 0.7226666666666667 0.092 0.18666666666666665
14 0.675 0.6226666666666666 0.09 0.13599999999999998
14 0.668 0.744 0.108 0.32
14 0.782 0.6426666666666666 0.096 0.448
14 0.849 0.52 0.042 0.144
14 0.891 0.508 0.054 0.14666666666666667
8 0.293 0.8346666666666667 0.202 0.3253333333333333
8 0.515 0.8213333333333334 0.10200000000000001 0.24
8 0.6930000000000001 0.8146666666666667 0.154 0.2373333333333333
