2 0.925 0.42533333333333334 0.05 0.06133333333333333
2 0.443 0.504 0.078 0.08
2 0.34600000000000003 0.5519999999999999 0.07200000000000001 0.064
2 0.08600000000000001 0.5213333333333333 0.044 0.072
2 0.264 0.516 0.06 0.056
2 0.297 0.44666666666666666 0.066 0.04533333333333333
14 0.361 0.7186666666666667 0.082 0.2906666666666667
14 0.47200000000000003 0.74 0.096 0.23199999999999998
14 0.498 0.6346666666666666 0.052000000000000005 0.10133333333333333
14 0.544 0.748 0.1 0.216
14 0.516 0.716 0.056 0.09333333333333332
