10 0.5660000000000001 0.7601078167115903 0.788 0.47439353099730464
14 0.147 0.6832884097035041 0.294 0.6280323450134772
14 0.187 0.4784366576819407 0.106 0.22371967654986524
14 0.4 0.41778975741239893 0.156 0.30727762803234504
14 0.549 0.46091644204851756 0.17 0.24797843665768196
14 0.6 0.46361185983827496 0.252 0.3288409703504043
14 0.733 0.5107816711590297 0.134 0.39083557951482484
14 0.848 0.6954177897574124 0.3 0.6037735849056605
4 0.466 0.6805929919137467 0.056 0.20215633423180593
14 0.962 0.33423180592991913 0.07200000000000001 0.11320754716981132
14 0.881 0.31805929919137466 0.078 0.12398921832884098
