8 0.55 0.7432432432432432 0.164 0.33933933933933935
8 0.242 0.6276276276276276 0.188 0.3483483483483483
8 0.152 0.44294294294294295 0.14 0.2972972972972973
8 0.252 0.3153153153153153 0.124 0.24624624624624625
8 0.455 0.2747747747747748 0.09 0.22522522522522523
8 0.854 0.6576576576576576 0.20400000000000001 0.34234234234234234
8 0.893 0.46546546546546547 0.154 0.2822822822822823
8 0.786 0.17567567567567569 0.07200000000000001 0.17717717717717718
8 0.7030000000000001 0.16366366366366367 0.074 0.15915915915915915
8 0.611 0.2042042042042042 0.074 0.16816816816816815
8 0.911 0.1906906906906907 0.11 0.1891891891891892
8 0.505 0.15615615615615616 0.078 0.14414414414414414
8 0.7030000000000001 0.31981981981981983 0.11800000000000001 0.23723723723723725
