1 0.6930000000000001 0.72 0.278 0.30933333333333335
1 0.509 0.7106666666666667 0.15 0.2906666666666667
1 0.353 0.7573333333333333 0.20600000000000002 0.368
14 0.387 0.6066666666666667 0.106 0.312
14 0.496 0.5333333333333333 0.1 0.256
14 0.6950000000000001 0.5973333333333333 0.154 0.44266666666666665
8 0.438 0.292 0.056 0.088
8 0.583 0.296 0.062 0.07466666666666666
8 0.634 0.33999999999999997 0.076 0.09866666666666667
17 0.386 0.384 0.076 0.13333333333333333
15 0.59 0.4666666666666667 0.048 0.08533333333333333
15 0.9470000000000001 0.3893333333333333 0.10200000000000001 0.224
15 0.783 0.24666666666666665 0.066 0.16266666666666665
15 0.493 0.39999999999999997 0.106 0.10666666666666666
