4 0.502 0.5734463276836158 0.028 0.1581920903954802
4 0.588 0.557909604519774 0.028 0.1553672316384181
4 0.606 0.5677966101694916 0.024 0.0903954802259887
4 0.54 0.692090395480226 0.04 0.22033898305084745
4 0.41500000000000004 0.6299435028248588 0.022 0.0847457627118644
4 0.41100000000000003 0.693502824858757 0.03 0.09887005649717515
4 0.367 0.8389830508474576 0.042 0.1694915254237288
14 0.546 0.4788135593220339 0.17200000000000001 0.211864406779661
14 0.34700000000000003 0.5296610169491526 0.08600000000000001 0.2401129943502825
14 0.265 0.576271186440678 0.10200000000000001 0.3446327683615819
14 0.188 0.634180790960452 0.10400000000000001 0.3531073446327684
14 0.108 0.6822033898305084 0.20800000000000002 0.4943502824858757
14 0.733 0.5127118644067796 0.106 0.3022598870056497
14 0.882 0.4265536723163842 0.08 0.11864406779661017
14 0.794 0.6186440677966102 0.24 0.4971751412429378
14 0.853 0.7076271186440678 0.29 0.5282485875706214
10 0.46900000000000003 0.7909604519774012 0.598 0.4124293785310734
4 0.636 0.8008474576271186 0.04 0.17231638418079095
