13 0.459 0.5376506024096386 0.49 0.6837349397590362
14 0.811 0.39608433734939763 0.078 0.5030120481927711
14 0.069 0.375 0.134 0.7439759036144579
14 0.685 0.3930722891566265 0.13 0.5271084337349398
14 0.192 0.35090361445783136 0.088 0.35843373493975905
14 0.917 0.4743975903614458 0.162 0.9427710843373495
14 0.34700000000000003 0.2996987951807229 0.07 0.16566265060240964
14 0.289 0.3810240963855422 0.026000000000000002 0.1536144578313253
14 0.766 0.3132530120481928 0.04 0.12650602409638556
14 0.579 0.21234939759036145 0.08600000000000001 0.2620481927710844
