12 0.86 0.6204819277108434 0.276 0.44578313253012053
12 0.7020000000000001 0.6355421686746988 0.136 0.355421686746988
12 0.521 0.6400602409638555 0.10200000000000001 0.4307228915662651
12 0.377 0.6686746987951807 0.10200000000000001 0.28915662650602414
12 0.116 0.7590361445783133 0.224 0.3132530120481928
12 0.192 0.6686746987951807 0.1 0.31927710843373497
14 0.851 0.5015060240963856 0.11 0.35240963855421686
14 0.6940000000000001 0.5195783132530121 0.112 0.29819277108433734
14 0.52 0.5316265060240964 0.12 0.33433734939759036
14 0.379 0.5512048192771085 0.11 0.3072289156626506
14 0.193 0.5753012048192772 0.094 0.30120481927710846
14 0.111 0.6039156626506025 0.10200000000000001 0.35240963855421686
