4 0.616 0.8258258258258259 0.084 0.3123123123123123
4 0.501 0.7927927927927928 0.074 0.29429429429429427
4 0.40800000000000003 0.7537537537537538 0.076 0.2702702702702703
4 0.327 0.7252252252252253 0.074 0.2552552552552553
4 0.253 0.6996996996996997 0.066 0.23423423423423423
4 0.17500000000000002 0.6381381381381381 0.078 0.3153153153153153
4 0.10400000000000001 0.6171171171171171 0.076 0.3033033033033033
4 0.049 0.6051051051051051 0.058 0.2852852852852853
4 0.018000000000000002 0.5855855855855856 0.036000000000000004 0.2702702702702703
4 0.784 0.46546546546546547 0.088 0.3663663663663664
4 0.6910000000000001 0.45795795795795796 0.082 0.35735735735735735
4 0.614 0.44294294294294295 0.076 0.32732732732732733
4 0.54 0.43843843843843844 0.076 0.3303303303303303
4 0.48 0.4219219219219219 0.064 0.27927927927927926
4 0.41300000000000003 0.42342342342342343 0.07 0.29429429429429427
4 0.36 0.4189189189189189 0.056 0.26726726726726724
4 0.308 0.4174174174174174 0.056 0.27627627627627627
4 0.247 0.41291291291291293 0.07 0.24324324324324323
4 0.62 0.6006006006006006 0.084 0.18018018018018017
4 0.455 0.6621621621621622 0.074 0.36336336336336333
4 0.34900000000000003 0.5825825825825826 0.08600000000000001 0.2222222222222222
4 0.257 0.5630630630630631 0.078 0.2132132132132132
4 0.198 0.4144144144144144 0.056 0.23423423423423423
4 0.155 0.4084084084084084 0.062 0.23423423423423423
4 0.113 0.37237237237237236 0.046 0.15615615615615616
4 0.811 0.1906906906906907 0.09 0.3813813813813814
4 0.718 0.1906906906906907 0.088 0.3813813813813814
4 0.637 0.1966966966966967 0.098 0.3933933933933934
4 0.538 0.1906906906906907 0.07200000000000001 0.3813813813813814
4 0.46 0.18618618618618618 0.07200000000000001 0.37237237237237236
4 0.388 0.18618618618618618 0.07200000000000001 0.36036036036036034
4 0.326 0.1921921921921922 0.06 0.35435435435435436
4 0.281 0.1981981981981982 0.058 0.3483483483483483
4 0.23600000000000002 0.19519519519519518 0.052000000000000005 0.3303303303303303
4 0.19 0.1921921921921922 0.06 0.32432432432432434
4 0.147 0.19369369369369369 0.054 0.32732732732732733
4 0.051000000000000004 0.17267267267267267 0.054 0.23723723723723725
