11 0.788 0.6946666666666667 0.08 0.11466666666666667
11 0.305 0.6986666666666667 0.138 0.14933333333333332
11 0.29 0.6813333333333333 0.128 0.16266666666666665
11 0.215 0.6546666666666666 0.066 0.14133333333333334
14 0.919 0.6453333333333333 0.106 0.256
14 0.741 0.528 0.034 0.10133333333333333
14 0.677 0.624 0.08600000000000001 0.30933333333333335
14 0.541 0.524 0.022 0.104
14 0.485 0.6799999999999999 0.134 0.4746666666666666
14 0.386 0.5693333333333334 0.092 0.2533333333333333
14 0.1 0.7093333333333333 0.168 0.576
