6 0.35100000000000003 0.41866666666666663 0.446 0.33066666666666666
6 0.8 0.352 0.396 0.27199999999999996
14 0.887 0.188 0.046 0.06133333333333333
14 0.985 0.18 0.026000000000000002 0.08266666666666667
14 0.93 0.192 0.032 0.05333333333333333
14 0.5730000000000001 0.3 0.058 0.22666666666666666
14 0.514 0.24666666666666665 0.032 0.072
14 0.461 0.22799999999999998 0.026000000000000002 0.050666666666666665
14 0.432 0.23466666666666666 0.04 0.048
14 0.203 0.2733333333333333 0.066 0.10933333333333332
14 0.1 0.3426666666666667 0.056 0.21066666666666667
14 0.038 0.35333333333333333 0.056 0.19999999999999998
14 0.427 0.30666666666666664 0.046 0.064
14 0.302 0.316 0.084 0.088
