3 0.837 0.4114114114114114 0.10200000000000001 0.5765765765765766
3 0.741 0.4294294294294294 0.074 0.3783783783783784
3 0.679 0.4444444444444444 0.126 0.5825825825825826
3 0.616 0.45645645645645644 0.06 0.25825825825825827
3 0.515 0.42042042042042044 0.066 0.4264264264264264
3 0.47300000000000003 0.45645645645645644 0.03 0.21621621621621623
3 0.451 0.466966966966967 0.05 0.26726726726726724
3 0.395 0.46096096096096095 0.046 0.24324324324324323
3 0.375 0.4924924924924925 0.07 0.3483483483483483
3 0.306 0.4744744744744745 0.068 0.32432432432432434
