13 0.47100000000000003 0.5845921450151057 0.446 0.6253776435045317
14 0.489 0.486404833836858 0.398 0.7311178247734139
13 0.053 0.20241691842900303 0.106 0.2175226586102719
13 0.124 0.1903323262839879 0.12 0.229607250755287
13 0.214 0.2039274924471299 0.10400000000000001 0.20241691842900303
13 0.29 0.19939577039274925 0.07200000000000001 0.23564954682779457
13 0.429 0.21148036253776434 0.198 0.17522658610271905
13 0.707 0.21299093655589124 0.046 0.17220543806646527
13 0.755 0.2084592145015106 0.074 0.1691842900302115
13 0.85 0.19939577039274925 0.14400000000000002 0.1933534743202417
