19 0.95375 0.26166666666666666 0.08750000000000001 0.11666666666666667
19 0.8125 0.24833333333333335 0.08 0.09666666666666668
19 0.67375 0.24166666666666667 0.0775 0.09000000000000001
19 0.56 0.2316666666666667 0.08 0.07666666666666667
19 0.44125000000000003 0.22833333333333336 0.0625 0.08333333333333334
19 0.25375000000000003 0.27 0.0925 0.1
19 0.13875 0.28833333333333333 0.1125 0.10333333333333335
19 0.03375 0.3166666666666667 0.0675 0.12666666666666668
19 0.21375 0.46 0.2025 0.23333333333333334
19 0.38625 0.3916666666666667 0.1575 0.17666666666666667
19 0.5175 0.3466666666666667 0.115 0.14666666666666667
19 0.59 0.31333333333333335 0.095 0.12000000000000001
8 0.59125 0.8866666666666667 0.3825 0.22
8 0.76125 0.7583333333333334 0.2425 0.3166666666666667
8 0.92875 0.5016666666666667 0.10250000000000001 0.22333333333333336
8 0.80625 0.41500000000000004 0.10250000000000001 0.17
8 0.685 0.4716666666666667 0.11 0.16333333333333333
8 0.6525 0.5616666666666666 0.14 0.21000000000000002
