10 0.6291666666666667 0.4625 0.1875 0.33611111111111114
8 0.5177083333333333 0.4291666666666667 0.19375 0.3527777777777778
15 0.6479166666666667 0.2111111111111111 0.20416666666666666 0.18888888888888888
15 0.04583333333333333 0.18472222222222223 0.05416666666666667 0.10833333333333334
15 0.08229166666666667 0.18194444444444446 0.05625 0.11388888888888889
15 0.19895833333333332 0.26805555555555555 0.09791666666666667 0.4083333333333333
15 0.22291666666666665 0.49583333333333335 0.15 0.24722222222222223
15 0.29791666666666666 0.5402777777777777 0.25416666666666665 0.2972222222222222
15 0.057291666666666664 0.5013888888888889 0.11041666666666666 0.5416666666666667
15 0.20416666666666666 0.8041666666666667 0.20833333333333334 0.35833333333333334
15 0.8364583333333333 0.8291666666666667 0.3229166666666667 0.33611111111111114
15 0.784375 0.44722222222222224 0.11041666666666666 0.20555555555555557
15 0.5947916666666666 0.4791666666666667 0.07291666666666667 0.14166666666666666
15 0.5041666666666667 0.46805555555555556 0.09583333333333333 0.1527777777777778
15 0.8354166666666667 0.5597222222222222 0.06666666666666667 0.10833333333333334
