14 0.647 0.15066666666666667 0.154 0.30133333333333334
14 0.806 0.14933333333333332 0.124 0.29866666666666664
4 0.666 0.256 0.028 0.10133333333333333
4 0.326 0.25466666666666665 0.028 0.11466666666666667
4 0.254 0.25866666666666666 0.032 0.11733333333333333
14 0.138 0.15333333333333332 0.12 0.30666666666666664
8 0.934 0.45999999999999996 0.128 0.30133333333333334
8 0.767 0.45866666666666667 0.162 0.29866666666666664
8 0.20500000000000002 0.45599999999999996 0.154 0.2773333333333333
8 0.063 0.4573333333333333 0.126 0.27466666666666667
14 0.421 0.536 0.462 0.736
14 0.712 0.632 0.4 0.7306666666666667
14 0.9410000000000001 0.8373333333333333 0.114 0.32
14 0.524 0.8346666666666667 0.216 0.3253333333333333
14 0.269 0.856 0.17400000000000002 0.2826666666666667
14 0.092 0.8466666666666667 0.184 0.30133333333333334
14 0.35000000000000003 0.22 0.244 0.17866666666666667
