2 0.11 0.7213333333333333 0.044 0.09333333333333332
2 0.20400000000000001 0.36533333333333334 0.064 0.07466666666666666
2 0.164 0.30266666666666664 0.068 0.034666666666666665
2 0.535 0.236 0.106 0.12533333333333332
2 0.34 0.4453333333333333 0.084 0.128
2 0.535 0.5373333333333333 0.19 0.13066666666666665
2 0.73 0.5986666666666667 0.2 0.14666666666666667
2 0.742 0.428 0.07200000000000001 0.06666666666666667
2 0.55 0.49466666666666664 0.092 0.06666666666666667
2 0.648 0.21866666666666665 0.052000000000000005 0.042666666666666665
2 0.44 0.22799999999999998 0.056 0.04533333333333333
