4 0.93 0.6173333333333333 0.092 0.38666666666666666
4 0.8160000000000001 0.6253333333333333 0.124 0.3813333333333333
4 0.8210000000000001 0.472 0.11 0.25066666666666665
4 0.712 0.5933333333333333 0.064 0.37066666666666664
4 0.662 0.592 0.092 0.48
4 0.584 0.592 0.06 0.3733333333333333
4 0.523 0.5813333333333334 0.098 0.496
4 0.463 0.6226666666666666 0.054 0.32266666666666666
4 0.395 0.596 0.10200000000000001 0.45066666666666666
4 0.318 0.6133333333333333 0.08 0.33599999999999997
4 0.231 0.5973333333333333 0.094 0.44266666666666665
4 0.11800000000000001 0.6333333333333333 0.088 0.36533333333333334
4 0.038 0.6053333333333333 0.064 0.30933333333333335
14 0.383 0.37066666666666664 0.098 0.16
