8 0.539 0.8183183183183184 0.198 0.35735735735735735
8 0.8270000000000001 0.7822822822822822 0.28600000000000003 0.42342342342342343
8 0.07100000000000001 0.466966966966967 0.098 0.2552552552552553
8 0.20600000000000002 0.7852852852852853 0.252 0.42342342342342343
14 0.51 0.32732732732732733 0.116 0.23423423423423423
14 0.644 0.34984984984984985 0.156 0.2552552552552553
14 0.331 0.36036036036036034 0.11800000000000001 0.23423423423423423
14 0.292 0.40540540540540543 0.22 0.29429429429429427
14 0.281 0.6726726726726726 0.382 0.6486486486486487
14 0.777 0.3948948948948949 0.154 0.2912912912912913
14 0.796 0.6441441441441441 0.32 0.7057057057057057
10 0.523 0.5675675675675675 0.534 0.3003003003003003
