14 0.9564564564564565 0.379 0.04504504504504504 0.094
14 0.8108108108108109 0.40700000000000003 0.07807807807807808 0.05
14 0.6876876876876877 0.41100000000000003 0.06006006006006006 0.054
14 0.6066066066066066 0.394 0.06006006006006006 0.088
14 0.34384384384384387 0.39 0.06306306306306306 0.1
14 0.3993993993993994 0.399 0.05405405405405406 0.09
14 0.2822822822822823 0.398 0.05405405405405406 0.10400000000000001
14 0.23273273273273273 0.392 0.06306306306306306 0.116
14 0.14414414414414414 0.401 0.04804804804804805 0.106
14 0.1036036036036036 0.40800000000000003 0.04504504504504504 0.124
14 0.8723723723723724 0.511 0.16516516516516516 0.166
14 0.515015015015015 0.538 0.10510510510510511 0.08
14 0.7147147147147147 0.755 0.25825825825825827 0.054
14 0.34384384384384387 0.47800000000000004 0.12312312312312312 0.12
14 0.40540540540540543 0.457 0.09009009009009009 0.078
14 0.21171171171171171 0.527 0.12312312312312312 0.11
14 0.2747747747747748 0.596 0.13513513513513514 0.16
1 0.5255255255255256 0.748 0.1921921921921922 0.08
1 0.8633633633633634 0.581 0.19519519519519518 0.07
