14 0.14 0.40476190476190477 0.096 0.22807017543859648
14 0.313 0.424812030075188 0.114 0.3233082706766917
14 0.497 0.3922305764411027 0.114 0.3583959899749373
14 0.665 0.3170426065162907 0.15 0.18796992481203006
14 0.117 0.5238095238095237 0.11800000000000001 0.18045112781954886
14 0.224 0.518796992481203 0.084 0.12531328320802004
14 0.399 0.5438596491228069 0.094 0.2656641604010025
14 0.684 0.47744360902255634 0.124 0.20300751879699247
14 0.8210000000000001 0.4448621553884712 0.098 0.15789473684210525
12 0.046 0.7568922305764411 0.088 0.40601503759398494
12 0.129 0.7418546365914787 0.23 0.39598997493734334
12 0.253 0.7568922305764411 0.13 0.3508771929824561
12 0.392 0.706766917293233 0.196 0.37092731829573933
12 0.644 0.662907268170426 0.308 0.40852130325814534
12 0.791 0.6365914786967418 0.314 0.41604010025062654
