4 0.088 0.22972972972972971 0.10400000000000001 0.4174174174174174
4 0.193 0.23123123123123124 0.098 0.4084084084084084
4 0.294 0.23123123123123124 0.096 0.4144144144144144
4 0.395 0.24774774774774774 0.082 0.3813813813813814
4 0.487 0.25225225225225223 0.09 0.3783783783783784
4 0.592 0.25375375375375375 0.1 0.3813813813813814
4 0.6980000000000001 0.25075075075075076 0.092 0.37537537537537535
4 0.798 0.24924924924924924 0.092 0.3783783783783784
4 0.904 0.25375375375375375 0.096 0.3813813813813814
4 0.083 0.7687687687687688 0.09 0.37237237237237236
4 0.181 0.7687687687687688 0.09 0.37237237237237236
4 0.28200000000000003 0.7717717717717718 0.084 0.36036036036036034
4 0.384 0.7717717717717718 0.08 0.37237237237237236
4 0.481 0.7687687687687688 0.08600000000000001 0.3663663663663664
4 0.585 0.7267267267267267 0.09 0.3663663663663664
4 0.6900000000000001 0.7687687687687688 0.084 0.3663663663663664
4 0.788 0.7612612612612613 0.088 0.36936936936936937
4 0.892 0.7657657657657657 0.084 0.3663663663663664
