15 0.7906666666666666 0.681 0.09333333333333332 0.262
15 0.6093333333333333 0.685 0.06666666666666667 0.08600000000000001
8 0.6253333333333333 0.907 0.184 0.182
8 0.7919999999999999 0.92 0.18666666666666665 0.156
10 0.7986666666666666 0.905 0.39199999999999996 0.186
14 0.32 0.806 0.176 0.384
14 0.4706666666666667 0.651 0.104 0.098
14 0.4746666666666666 0.798 0.13866666666666666 0.316
14 0.14933333333333332 0.6900000000000001 0.058666666666666666 0.164
14 0.19866666666666666 0.6950000000000001 0.050666666666666665 0.146
