14 0.9009009009009009 0.456 0.14414414414414414 0.248
14 0.47897897897897895 0.46900000000000003 0.04504504504504504 0.10200000000000001
14 0.5195195195195195 0.46900000000000003 0.04204204204204204 0.09
14 0.5675675675675675 0.466 0.05405405405405406 0.1
14 0.35585585585585583 0.487 0.06306306306306306 0.10200000000000001
14 0.24924924924924924 0.46 0.06606606606606606 0.148
6 0.09759759759759759 0.512 0.19519519519519518 0.156
15 0.7042042042042042 0.453 0.17717717717717718 0.37
15 0.43093093093093093 0.466 0.05105105105105105 0.1
15 0.6141141141141141 0.461 0.04504504504504504 0.14200000000000002
