10 0.5710000000000001 0.7813333333333333 0.854 0.432
8 0.501 0.9106666666666666 0.21 0.17333333333333334
8 0.233 0.7919999999999999 0.28600000000000003 0.3413333333333333
8 0.081 0.7933333333333333 0.158 0.3813333333333333
14 0.784 0.5973333333333333 0.14400000000000002 0.33599999999999997
14 0.66 0.5439999999999999 0.132 0.29333333333333333
14 0.5690000000000001 0.5386666666666666 0.11800000000000001 0.24
14 0.47100000000000003 0.5106666666666666 0.10200000000000001 0.23199999999999998
14 0.28600000000000003 0.49866666666666665 0.176 0.18666666666666665
14 0.11 0.6253333333333333 0.12 0.328
15 0.611 0.3426666666666667 0.066 0.16799999999999998
