6 0.499 0.576 0.998 0.64
14 0.9 0.32666666666666666 0.076 0.20533333333333334
14 0.869 0.23466666666666666 0.058 0.12266666666666666
14 0.836 0.3373333333333333 0.07200000000000001 0.17333333333333334
14 0.739 0.24 0.082 0.144
14 0.597 0.2533333333333333 0.062 0.096
14 0.305 0.224 0.07 0.13333333333333333
14 0.217 0.27999999999999997 0.074 0.25066666666666665
14 0.209 0.384 0.066 0.07466666666666666
14 0.14400000000000002 0.39466666666666667 0.08 0.096
14 0.10200000000000001 0.36533333333333334 0.088 0.192
14 0.028 0.43066666666666664 0.056 0.17333333333333334
14 0.68 0.3813333333333333 0.044 0.06933333333333333
