6 0.517 0.37866666666666665 0.962 0.5706666666666667
13 0.505 0.45066666666666666 0.974 0.7146666666666667
14 0.937 0.164 0.094 0.24266666666666667
14 0.225 0.12666666666666665 0.10200000000000001 0.17333333333333334
14 0.098 0.15466666666666667 0.07200000000000001 0.176
14 0.045 0.14266666666666666 0.058 0.21066666666666667
14 0.729 0.18 0.08600000000000001 0.20533333333333334
14 0.457 0.08266666666666667 0.05 0.05333333333333333
14 0.714 0.108 0.04 0.06666666666666667
14 0.987 0.164 0.022 0.16266666666666665
