6 0.5700000000000001 0.52 0.47200000000000003 0.23466666666666666
14 0.124 0.424 0.068 0.22933333333333333
14 0.792 0.4373333333333333 0.048 0.176
14 0.854 0.4333333333333333 0.044 0.17866666666666667
14 0.894 0.43066666666666664 0.06 0.19999999999999998
14 0.98 0.436 0.036000000000000004 0.17866666666666667
14 0.965 0.428 0.03 0.19466666666666665
6 0.231 0.4053333333333333 0.158 0.09066666666666666
14 0.23 0.388 0.044 0.13066666666666665
14 0.307 0.39066666666666666 0.046 0.14133333333333334
6 0.047 0.37066666666666664 0.09 0.10133333333333333
