6 0.782 0.46996996996997 0.22 0.26126126126126126
6 0.669 0.07507507507507508 0.106 0.09009009009009009
6 0.28200000000000003 0.25225225225225223 0.152 0.14414414414414414
6 0.392 0.3363363363363363 0.164 0.15615615615615616
6 0.456 0.581081081081081 0.312 0.24324324324324323
6 0.533 0.21171171171171171 0.13 0.12912912912912913
6 0.719 0.24024024024024024 0.146 0.14414414414414414
6 0.653 0.29429429429429427 0.146 0.15615615615615616
6 0.932 0.2552552552552553 0.132 0.15615615615615616
6 0.911 0.1966966966966967 0.126 0.14114114114114115
