12 0.22916666666666666 0.60062893081761 0.2875 0.44025157232704404
12 0.371875 0.6273584905660378 0.17291666666666666 0.37421383647798745
12 0.503125 0.5849056603773585 0.3104166666666667 0.4088050314465409
12 0.6302083333333334 0.5974842767295597 0.15625 0.35220125786163525
12 0.8052083333333333 0.5990566037735849 0.16458333333333333 0.3427672955974843
12 0.7208333333333333 0.5974842767295597 0.1 0.37106918238993714
6 0.7260416666666667 0.35534591194968557 0.16458333333333333 0.06918238993710692
14 0.20833333333333334 0.45754716981132076 0.09166666666666666 0.39308176100628933
14 0.2895833333333333 0.3726415094339623 0.04583333333333333 0.11006289308176101
14 0.4791666666666667 0.4528301886792453 0.075 0.33333333333333337
14 0.7364583333333333 0.3867924528301887 0.03958333333333333 0.07547169811320756
