1 0.291 0.4339339339339339 0.126 0.3813813813813814
1 0.395 0.575075075075075 0.14200000000000002 0.4114114114114114
1 0.595 0.6111111111111112 0.154 0.36936936936936937
1 0.728 0.38738738738738737 0.112 0.3303303303303303
14 0.754 0.26726726726726724 0.176 0.45045045045045046
14 0.86 0.17717717717717718 0.12 0.35435435435435436
14 0.608 0.47147147147147145 0.196 0.4984984984984985
14 0.419 0.4369369369369369 0.182 0.5795795795795796
14 0.531 0.2897897897897898 0.114 0.45345345345345345
14 0.612 0.15165165165165165 0.10400000000000001 0.26726726726726724
14 0.34500000000000003 0.24774774774774774 0.186 0.36336336336336333
