14 0.045 0.47866666666666663 0.09 0.39199999999999996
14 0.136 0.5293333333333333 0.112 0.2693333333333333
14 0.293 0.41733333333333333 0.09 0.07733333333333334
14 0.39 0.4013333333333333 0.048 0.07733333333333334
14 0.47100000000000003 0.292 0.05 0.072
14 0.736 0.3933333333333333 0.056 0.09333333333333332
14 0.865 0.2813333333333333 0.054 0.152
6 0.579 0.5413333333333333 0.838 0.576
14 0.58 0.22666666666666666 0.076 0.11733333333333333
14 0.51 0.2373333333333333 0.056 0.12266666666666666
14 0.441 0.2813333333333333 0.074 0.22666666666666666
