4 0.177 0.3048048048048048 0.058 0.24924924924924924
4 0.341 0.45795795795795796 0.074 0.5375375375375375
4 0.502 0.45945945945945943 0.036000000000000004 0.5225225225225225
4 0.735 0.46096096096096095 0.07 0.5195195195195195
4 0.9380000000000001 0.484984984984985 0.07200000000000001 0.6336336336336337
4 0.776 0.487987987987988 0.092 0.6396396396396397
4 0.851 0.5330330330330331 0.138 0.8318318318318318
4 0.643 0.527027027027027 0.126 0.8198198198198198
4 0.45 0.5255255255255256 0.132 0.8228228228228228
4 0.113 0.4804804804804805 0.114 0.6666666666666666
4 0.23 0.5180180180180181 0.136 0.8318318318318318
4 0.038 0.5075075075075075 0.076 0.8048048048048048
