6 0.9166666666666666 0.6983471074380165 0.13194444444444445 0.11570247933884298
6 0.6475694444444444 0.628099173553719 0.10763888888888888 0.049586776859504134
6 0.6458333333333333 0.6942148760330579 0.11805555555555555 0.10743801652892562
6 0.734375 0.7954545454545455 0.1284722222222222 0.11983471074380166
6 0.7690972222222222 0.9194214876033058 0.16319444444444445 0.14462809917355374
6 0.4114583333333333 0.6384297520661157 0.09375 0.09504132231404959
6 0.45138888888888884 0.7128099173553719 0.1111111111111111 0.10330578512396695
6 0.44965277777777773 0.8161157024793388 0.13541666666666666 0.12809917355371903
6 0.44965277777777773 0.9400826446280992 0.15625 0.1115702479338843
6 0.8229166666666666 0.4359504132231405 0.07638888888888888 0.07024793388429752
6 0.734375 0.41735537190082644 0.07291666666666666 0.05785123966942149
6 0.689236111111111 0.384297520661157 0.06597222222222222 0.06611570247933884
6 0.1736111111111111 0.8140495867768596 0.15277777777777776 0.1652892561983471
