13 0.745 0.39866666666666667 0.11 0.27999999999999997
13 0.638 0.5026666666666666 0.168 0.4613333333333333
13 0.893 0.4933333333333333 0.15 0.29333333333333333
13 0.263 0.6386666666666666 0.194 0.488
13 0.429 0.7826666666666666 0.218 0.424
14 0.558 0.25066666666666665 0.108 0.15466666666666667
14 0.47700000000000004 0.24933333333333332 0.08600000000000001 0.16266666666666665
14 0.34700000000000003 0.27199999999999996 0.098 0.13333333333333333
14 0.318 0.25066666666666665 0.064 0.10666666666666666
14 0.91 0.408 0.1 0.48
14 0.9590000000000001 0.5066666666666666 0.078 0.6773333333333333
14 0.156 0.536 0.184 0.5866666666666667
14 0.438 0.592 0.352 0.7733333333333333
