10 0.373 0.7266666666666667 0.658 0.5413333333333333
8 0.711 0.8119999999999999 0.34600000000000003 0.37066666666666664
8 0.896 0.7813333333333333 0.164 0.42133333333333334
15 0.513 0.3813333333333333 0.166 0.256
14 0.795 0.5453333333333333 0.378 0.5413333333333333
14 0.75 0.45466666666666666 0.2 0.37066666666666664
14 0.597 0.36666666666666664 0.134 0.20533333333333334
14 0.326 0.3933333333333333 0.156 0.25866666666666666
14 0.162 0.35866666666666663 0.112 0.3333333333333333
14 0.091 0.5173333333333333 0.182 0.5653333333333334
