16 0.35100000000000003 0.4453333333333333 0.13 0.13866666666666666
16 0.256 0.432 0.1 0.12266666666666666
16 0.313 0.37866666666666665 0.106 0.05333333333333333
16 0.45 0.3213333333333333 0.036000000000000004 0.06133333333333333
16 0.199 0.48133333333333334 0.07 0.088
16 0.486 0.3213333333333333 0.032 0.056
16 0.512 0.32666666666666666 0.028 0.06666666666666667
16 0.625 0.428 0.074 0.13599999999999998
16 0.705 0.41733333333333333 0.05 0.12
16 0.755 0.44266666666666665 0.062 0.13866666666666666
16 0.783 0.39466666666666667 0.026000000000000002 0.096
16 0.8310000000000001 0.436 0.07 0.14133333333333334
