6 0.593 0.7186666666666667 0.526 0.25866666666666666
6 0.41600000000000004 0.5933333333333333 0.448 0.18933333333333333
6 0.749 0.5146666666666666 0.266 0.15466666666666667
6 0.502 0.4333333333333333 0.184 0.104
6 0.367 0.43466666666666665 0.17 0.112
6 0.245 0.43866666666666665 0.178 0.104
6 0.085 0.436 0.134 0.07733333333333334
6 0.899 0.42 0.17 0.13599999999999998
14 0.259 0.36266666666666664 0.034 0.05333333333333333
14 0.771 0.4013333333333333 0.038 0.10933333333333332
14 0.842 0.41333333333333333 0.048 0.13333333333333333
14 0.888 0.42133333333333334 0.044 0.17066666666666666
14 0.9470000000000001 0.432 0.058 0.13333333333333333
