10 0.399 0.6426666666666666 0.53 0.704
14 0.8230000000000001 0.6733333333333333 0.35000000000000003 0.632
14 0.6900000000000001 0.368 0.08 0.112
14 0.498 0.33199999999999996 0.076 0.13599999999999998
14 0.457 0.3466666666666667 0.062 0.16
14 0.419 0.356 0.08600000000000001 0.17866666666666667
14 0.364 0.4933333333333333 0.168 0.368
14 0.131 0.6679999999999999 0.234 0.5253333333333333
14 0.257 0.312 0.47000000000000003 0.5173333333333333
4 0.5650000000000001 0.448 0.046 0.11733333333333333
14 0.911 0.172 0.066 0.088
14 0.853 0.16 0.062 0.112
14 0.9440000000000001 0.31466666666666665 0.092 0.10666666666666666
