8 0.5690000000000001 0.9066666666666666 0.302 0.18133333333333332
8 0.895 0.8186666666666667 0.20600000000000002 0.35733333333333334
8 0.14 0.8146666666666667 0.252 0.36533333333333334
8 0.7030000000000001 0.72 0.14200000000000002 0.33066666666666666
4 0.482 0.58 0.028 0.11466666666666667
14 0.221 0.7093333333333333 0.314 0.5706666666666667
14 0.799 0.6666666666666666 0.374 0.5599999999999999
14 0.665 0.648 0.198 0.5866666666666667
14 0.514 0.6173333333333333 0.16 0.47733333333333333
14 0.317 0.6173333333333333 0.17400000000000002 0.5786666666666667
