6 0.499 0.5373333333333333 0.998 0.8079999999999999
14 0.916 0.21066666666666667 0.064 0.21866666666666665
14 0.972 0.20133333333333334 0.052000000000000005 0.2906666666666667
14 0.257 0.14266666666666666 0.074 0.13599999999999998
14 0.162 0.12933333333333333 0.1 0.16266666666666665
14 0.088 0.15066666666666667 0.1 0.13599999999999998
14 0.022 0.132 0.04 0.184
14 0.308 0.144 0.08 0.13333333333333333
14 0.766 0.112 0.04 0.07466666666666666
14 0.73 0.12133333333333333 0.028 0.050666666666666665
14 0.706 0.11599999999999999 0.028 0.06133333333333333
14 0.66 0.12666666666666665 0.036000000000000004 0.04
14 0.417 0.12666666666666665 0.03 0.050666666666666665
14 0.34700000000000003 0.12666666666666665 0.042 0.06666666666666667
14 0.854 0.192 0.04 0.05333333333333333
