8 0.40900000000000003 0.6346666666666666 0.214 0.42666666666666664
8 0.678 0.6293333333333333 0.224 0.39466666666666667
8 0.811 0.596 0.11800000000000001 0.34933333333333333
8 0.877 0.568 0.08600000000000001 0.31466666666666665
8 0.23800000000000002 0.5773333333333334 0.132 0.3813333333333333
14 0.268 0.5306666666666666 0.116 0.45866666666666667
14 0.369 0.36933333333333335 0.074 0.14133333333333334
14 0.462 0.54 0.148 0.47733333333333333
14 0.785 0.41866666666666663 0.082 0.224
14 0.6920000000000001 0.45999999999999996 0.14400000000000002 0.2853333333333333
15 0.094 0.39466666666666667 0.17200000000000001 0.5866666666666667
10 0.5730000000000001 0.592 0.28200000000000003 0.3413333333333333
15 0.5640000000000001 0.30933333333333335 0.16 0.26666666666666666
