4 0.487 0.5386666666666666 0.022 0.10666666666666666
4 0.683 0.7693333333333333 0.05 0.20533333333333334
4 0.857 0.7133333333333333 0.046 0.184
14 0.755 0.344 0.07 0.18133333333333332
14 0.262 0.36 0.14 0.21866666666666665
14 0.293 0.472 0.134 0.21333333333333332
14 0.51 0.488 0.17200000000000001 0.24533333333333332
14 0.722 0.5253333333333333 0.176 0.26666666666666666
14 0.9540000000000001 0.588 0.088 0.3173333333333333
14 0.251 0.7066666666666667 0.442 0.576
10 0.592 0.7839999999999999 0.812 0.42666666666666664
