14 0.708 0.7 0.324 0.5786666666666667
14 0.281 0.4373333333333333 0.15 0.21866666666666665
14 0.07200000000000001 0.528 0.14400000000000002 0.3466666666666667
19 0.882 0.5573333333333333 0.092 0.29866666666666664
19 0.771 0.4653333333333333 0.09 0.216
19 0.258 0.37866666666666665 0.10400000000000001 0.11733333333333333
19 0.097 0.4026666666666667 0.10200000000000001 0.144
8 0.189 0.7933333333333333 0.25 0.408
8 0.281 0.6173333333333333 0.13 0.34933333333333333
8 0.637 0.8106666666666666 0.214 0.3733333333333333
8 0.074 0.6573333333333333 0.148 0.344
